Abacus;1.6;1.5;1.42;1.48;1.34;1.43;1.51;1.49;1.51;1.48;1.5;1.57;1.63;1.76
Acid (vial);25.54;18.02;22.52;20.11;23.02;21.72;19.93;21.32;20.77;21.83;21.1;20.87;19.35;17.1;18.25;16.1
Alchemist’s fire (flask);33.4;38.41;39.28;39.01;48.13;44.6;46.98;35.06;37.97;46.73;36.48;40.45;46.45;38.69
Alchemist’s supplies;36.3;28.81;34.39;34.44;36.67;32.61;31.14;34.26;24.81;37.02;30.14;32.89;29.83;29.45
Antitoxin (vial);41.43;43.65;41.97;41.84;48.91;52.58;46.64;51.35;53.4;38.54;56.44;53.06;40.02;38.31;36.97
Arrows (20);0.61;0.72;0.79;0.92;0.82;0.68;0.71;0.69;0.67;0.58;0.7;0.75;0.75;0.65;0.56
Backpack;1.43;1.54;1.58;1.67;1.55;1.68;1.81;1.87;1.79;2.14;1.63;1.37;1.42;1.52;1.45
Backpack;1.62;1.54;1.58;1.67;1.55;1.68;1.81;1.87;1.79;2.14;1.63;1.37;1.42;1.52;1.45
Bagpipes;29.62;24.14;22.18;21.22;21.34;22.2;18.88;22.02;21.04;18.27;27.69;27.51;23.08;28.28
Ball bearings (bag of 1,000);0.78;0.82;0.74;0.62;0.73;0.78;0.69;0.75;0.63;0.82;0.73;0.69;0.68;0.61
Barrel;1.52;1.57;1.79;1.72;1.59;1.71;1.29;1.7;1.83;1.81;1.72;1.91;1.6;1.67;1.61
Basket;0.28;0.26;0.26;0.3;0.24;0.19;0.26;0.3;0.33;0.28;0.34;0.28;0.37;0.35;0.34
Bedroll;0.08;0.81;0.76;0.73;0.84;0.75;0.91;0.77;0.57;0.56;0.74;0.61;0.64;0.64
Bell;0.54;0.69;0.82;0.82;0.7;0.9;0.75;0.86;0.82;0.81;0.82;0.8;0.73;0.92
Blanket;0.4;0.31;0.37;0.38;0.4;0.38;0.4;0.38;0.4;0.35;0.31
Block and tackle;0.91;0.73;0.75;0.7;0.75;0.65;0.76;0.63;0.59;0.71;0.64;0.57;0.58;0.54;0.58;0.43
Blowgun;7.64;7.72;7.42;9.16;8.76;8.82;9.88;10.16;9.33;8.77;8.43;7.01;9.48;7.7
Blowgun Needles (50);0.71;0.73;0.7;0.64;0.65;0.65;0.67;0.72;0.78;0.82;0.52;0.62;0.8
Bottle, glass;1.59;1.67;1.34;1.34;1.36;1.51;1.66;1.47;1.35;1.27;1.45;1.6;1.47;1.54;1.22;1.29
Brewer’s supplies;19.43;12.95;13.01;17.96;11.45;14.13;16.7;14.72;19.1;16.04;14.06;13.29;12.93;13.42
Bucket;0.03;0.04;0.04;0.02;0.03;0.02;0.02;0.02;0.01;0.01;0.03;0.03;0.03;0.02;0.02
Caltrops (bag of 20);0.77;0.89;0.83;0.76;0.61;0.69;0.72;0.74;0.6;0.75;0.77;0.72;0.73;0.88;1.0;0.79
Candle;0.01;0.01;0.01;0.01;0.01;0.01;0.01;0.01;0.01;0.01;0.01;0.01;0.01;0.01;0.01
Carpenter’s tools;6.21;7.26;5.87;7.73;7.8;5.36;6.7;6.88;6.82;6.99;6.21;7.35;6.59;7.19
Cartographer’s tools;12.63;11.29;11.31;11.03;10.17;9.8;9.78;9.89;13.07;12.01;12.49;11.18;11.61;11.34
Chain (10 feet);3.93;3.24;3.88;4.3;3.85;3.01;4.06;4.26;3.35;3.93;3.06;3.67;4.23;3.63;2.83
Chain mail;54.66;63.09;57.7;52.04;53.1;53.47;48.96;42.87;35.93;32.76;45.36;50.26;42.82;28.84
Chalk (1 piece);0.01;0.01;0.01;0.01;0.01;0.01;0.01;0.01;0.01;0.01;0.01;0.01;0.01
Chest;3.66;2.45;2.83;3.23;2.77;2.89;2.96;3.53;3.27;2.98;2.06;4.23;3.78;3.73;3.36
Clothes, Common;0.33;0.36;0.34;0.38;0.42;0.43;0.37;0.44;0.34;0.35;0.32;0.26;0.33;0.4;0.42
Clothes, costume;3.33;3.86;3.8;4.44;4.04;4.45;4.19;3.63;3.23;3.55;3.42;3.6;3.77;2.84;3.51;3.21
Clothes, fine;9.68;10.62;12.68;11.61;11.05;10.66;12.0;11.99;11.94;13.13;11.85;13.66;11.72;12.37;11.77
Clothes, traveler’s;1.51;1.57;1.29;1.65;1.09;1.71;1.58;1.47;1.45;1.38;1.24;0.98;1.22;1.16;1.32
Club;0.07;0.08;0.07;0.06;0.05;0.06;0.06;0.06;0.04;0.07;0.08;0.05;0.05
Cobbler’s tools;3.06;3.37;3.36;3.38;3.92;3.92;4.7;3.87;3.13;3.46;3.47;2.69;2.41
Component pouch;18.18;18.81;17.31;15.43;21.48;17.29;18.25;17.91;15.48;15.84;19.58;15.73;18.11;19.35
Cooking Pot;1.54;1.15;1.38;1.41;1.36;1.22;1.36;1.31;1.37;1.62;1.41;1.27;1.55;1.4;1.53;1.36
Cook’s utensils;0.66;0.78;0.8;0.65;0.63;0.68;0.66;0.68;0.75;0.77;0.71;0.67;0.76;0.91
Crossbow bolts (20);0.85;0.76;0.73;0.78;0.83;0.59;0.81;0.72;0.76;0.79;0.76;0.77;0.84;0.79
Crossbow, hand;64.5;62.32;62.34;64.92;59.4;62.43;61.66;68.54;61.57;84.79;72.48;66.11;89.17;58.91;43.17
Crossbow, heavy;33.82;42.38;37.11;49.75;48.37;44.16;45.29;46.36;35.71;42.54;34.11;34.32;31.34
Crossbow, light;22.02;17.07;21.31;15.89;17.34;16.48;18.48;16.75;22.77;23.22;17.87;21.52;18.4;21.09;23.01;23.79
Crowbar;1.2;1.43;1.22;1.3;1.37;1.2;1.08;1.31;1.21;1.04;1.0;1.17;1.31;1.34;1.33;1.09
Dagger;1.57;1.41;1.27;1.36;1.58;1.35;1.51;1.58;1.28;1.61;1.29;1.55
Dart;0.04;0.02;0.03;0.03;0.02;0.02;0.01;0.01;0.01;0.01;0.01;0.01;0.01;0.01;0.01;0.01
Dice set;0.07;0.07;0.06;0.07;0.08;0.08;0.07;0.08;0.06;0.05;0.06;0.07;0.06;0.06;0.05
Drum;5.61;3.48;3.43;3.96;4.23;4.03;3.79;4.62;4.45;4.87;5.14;4.2;5.04;4.06;4.1
Dulcimer;16.62;18.77;20.54;17.35;18.48;22.3;19.13;20.18;18.89;17.13;21.66;22.14;21.14
Fishing Rod;0.66;0.65;0.66;0.71;0.86;0.9;0.95;0.85;0.91;0.81;0.77;0.57;0.83;0.9;0.9
Fishing tackle;0.66;0.72;0.84;0.73;0.83;0.73;0.76;0.69;0.74;0.71;0.67;0.64;0.69;0.79;0.75
Flail;7.24;8.54;7.44;6.14;8.91;6.72;6.92;5.62;5.32;6.14;5.65;6.06;6.04;5.02;6.2;7.12
Flask or Tankard;0.01;0.01;0.01;0.01;0.01;0.01;0.01;0.01;0.01;0.01;0.01;0.01;0.01;0.01;0.01
Flute;1.67;1.34;1.51;0.79;1.66;1.37;1.23;1.25;1.76;1.63;1.5;0.51;1.69;1.33
Glaive;12.33;13.77;12.98;14.81;14.62;17.95;15.07;16.24;12.8;17.0;12.58;14.1;14.36;17.17;16.15
Glassblower’s tools;21.58;20.94;20.52;23.29;24.62;26.8;25.11;20.6;23.7;24.02;24.78;22.95;17.34;18.42;19.85
Grappling Hook;1.52;1.36;1.48;1.35;1.47;1.48;1.38;1.72;1.25;1.03;0.9;1.02;1.28
Grappling hook;1.71;1.55;1.77;1.57;1.33;1.5;1.46;1.49;1.53;1.33;1.6;1.37;1.11;1.55;1.18
Greataxe;24.58;24.38;26.61;27.03;22.37;25.56;29.26;17.95;18.83;22.69;22.42;20.93;20.24;18.59
Greatclub;0.13;0.15;0.14;0.16;0.16;0.16;0.2;0.15;0.18;0.15;0.15;0.15;0.12
Greatsword;34.98;38.99;40.49;38.69;40.96;45.72;43.27;43.83;35.28;30.75;40.18;46.19;39.19;40.19;46.95;45.86
Halberd;17.64;14.29;12.01;15.77;17.41;14.01;13.75;13.58;16.23;15.0;18.53;19.52
Half plate;545.18;558.32;616.1;481.65;559.21;499.52;525.76;685.65;582.69;473.29;692.18;593.64;706.98;685.57
Hammer;0.93;0.65;0.7;0.64;0.75;0.86;0.73;0.94;0.88;0.95;0.88;0.79;0.95;0.83;0.71
Hammer and Nails;0.34;0.43;0.33;0.38;0.31;0.34;0.4;0.38;0.43;0.36;0.32;0.28;0.37
Handaxe;3.46;3.74;2.78;3.32;2.84;3.11;3.49;3.11;3.71;3.84;3.31;3.96;2.84;4.22
Healing Potion;36.12;35.61;41.09;35.59;31.3;38.06;37.7;36.83;32.93;38.58;25.4;30.8;33.04;37.04;39.04
Hide;6.56;7.15;8.07;6.88;6.95;6.99;5.94;6.67;5.87;6.96;7.29;7.96;6.62;8.02;5.76
Holy Water (flask);22.93;20.82;23.84;19.26;18.75;19.77;22.8;21.84;20.11;19.56;18.01;15.93;19.81;14.46
Hourglass;18.35;19.86;17.12;18.5;15.11;18.12;20.93;20.2;15.34;17.56;19.35;12.18;16.13;14.85
Hunting trap;3.78;3.82;3.95;4.03;4.15;3.38;3.88;3.75;3.71;3.82;3.51;4.04;4.28;3.94;4.28;4.15
Ink (1 ounce bottle);7.99;7.61;5.71;4.98;6.2;5.77;5.55;4.67;7.1;6.17;7.38;7.64;6.08
Ink and Quill;0.09;0.07;0.08;0.07;0.06;0.04;0.07;0.05;0.05;0.05;0.05;0.04;0.03;0.02;0.02
Ink pen;0.01;0.01;0.01;0.01;0.01;0.01;0.01;0.01;0.01;0.01;0.01;0.01;0.01;0.01
Javelin;0.4;0.36;0.44;0.44;0.36;0.44;0.41;0.38;0.4;0.41;0.44;0.41;0.4;0.26
Jeweler’s tools;16.02;16.16;15.61;21.82;19.67;22.62;19.22;20.94;18.28;17.88;17.35;17.31;18.68;15.75
Jug or Pitcher;0.01;0.01;0.01;0.01;0.01;0.01;0.01;0.01;0.01;0.01;0.01;0.01;0.01;0.01;0.01;0.01
Kit, climber’s;19.21;18.95;18.2;20.31;21.62;22.23;20.2;20.82;26.41;20.39;17.91;16.89;16.26;20.01;20.63
Kit, disguise;18.93;21.51;20.34;20.82;18.62;20.22;16.73;19.8;15.63;14.23;18.71;17.1;17.84;21.75;19.38;17.05
Kit, forgery;9.26;11.72;9.35;9.74;12.0;11.33;9.94;9.88;12.82;12.3;12.45;12.28
Kit, healer’s;3.38;4.18;5.33;4.22;3.12;3.1;3.57;3.78;3.06;2.86;3.17;2.63;2.8;2.23;2.51
Kit, herbalism;3.21;3.14;3.87;4.12;3.59;3.83;4.01;3.7;3.89;4.3;3.81;4.3;3.55;3.95
Kit, mess;0.15;0.12;0.12;0.14;0.17;0.15;0.13;0.15;0.15;0.16;0.14;0.16;0.12;0.14;0.12
Kit, poisoner’s;37.96;31.89;35.27;39.26;38.5;36.87;36.55;42.53;26.98;40.39;29.84;28.68;31.84;31.71
Ladder (10-foot);0.08;0.06;0.06;0.08;0.07;0.07;0.06;0.06;0.05;0.04;0.05;0.04;0.02;0.02;0.02
Lamp;0.4;0.26;0.38;0.45;0.37;0.34;0.35;0.3;0.43;0.37;0.37;0.42;0.32
Lance;8.4;9.24;9.55;9.03;7.16;9.66;7.86;8.34;5.94;6.06;7.62;6.64;5.79;7.18;6.98
Lantern Oil;0.06;0.07;0.07;0.05;0.06;0.06;0.05;0.05;0.05;0.03;0.03;0.02;0.07;0.07
Lantern, bullseye;6.93;6.97;7.16;8.7;7.35;7.25;6.49;6.78;7.42;6.88;7.87;9.52;8.09;6.91;7.58
Lantern, hooded;2.53;2.58;2.76;3.93;4.26;3.48;3.82;4.28;3.9;4.72;4.22;5.2;4.5;3.47
Leather;6.64;9.35;7.69;7.67;9.08;7.86;9.7;6.8;7.9;6.98;7.13;8.09;8.33
Leatherworker’s tools;3.58;3.7;4.23;4.61;4.16;3.72;3.3;4.39;3.78;3.95;4.28;3.73;3.49;2.86;2.81
Light Hammer;1.38;1.12;1.1;1.38;1.22;1.33;1.17;1.28;1.43;1.31;1.33;1.78;1.33;1.17;1.28;1.39
Lock;7.2;8.11;7.44;7.77;7.94;7.45;8.01;7.86;8.26;8.94;8.03;5.9;8.03;5.44;5.77;5.63
Lockpicks;17.67;21.13;18.34;19.32;20.63;18.49;20.55;22.3;24.68;17.97;16.19;18.35;18.03;15.03;15.61
Longbow;31.19;34.73;26.51;27.84;32.99;37.57;47.03;44.17;35.6;45.48;34.09;35.9;33.88;41.53
Longsword;9.99;11.73;11.65;12.57;11.53;12.4;11.99;11.13;11.37;11.74;14.14;13.36;13.64;9.8;10.4
Lute;29.4;23.93;26.75;21.17;24.73;24.52;28.7;26.02;28.39;29.54;25.23;21.12;24.19;31.58
Lyre;19.34;18.65;23.7;23.19;24.36;22.33;20.75;24.57;26.74;27.3;24.17;25.62
Mace;3.09;3.38;4.42;4.05;4.05;3.76;3.71;3.65;3.9;4.1;4.08;3.63;3.39;4.19;2.89
Magnifying glass;86.01;77.99;66.51;67.84;74.09;74.39;78.05;78.68;74.17;84.89;66.02;76.61;76.3;73.74;68.61;82.25
Manacles;1.57;1.46;1.42;1.16;1.01;1.15;1.4;1.07;0.95;1.01;0.94;1.07;1.35;1.54;1.09
Map of the Region;6.48;8.03;8.37;7.35;7.04;7.38;7.12;7.38;8.05;6.31;6.25;8.34;7.58
Mason’s tools;7.44;6.99;7.91;7.97;8.68;8.92;6.62;7.24;7.48;5.86;5.66;5.71;5.18;5.7;6.38
Maul;6.54;8.52;6.83;8.4;6.71;7.75;7.87;8.6;8.25;6.52;6.67;6.06;6.28;6.26
Mirror, steel;3.74;3.94;4.08;3.02;3.41;3.79;3.76;3.34;3.38;2.57;2.92;2.73;3.13;2.79;2.52
Navigator’s tools;15.37;17.86;22.75;17.98;16.93;17.61;19.45;17.31;18.43;19.3;23.02;14.05;21.26;15.93;16.17;17.93
Net;0.77;0.82;0.78;0.76;0.6;0.7;0.67;0.73;0.6;0.84;0.76;0.85;0.69;0.79
Oil (flask);0.08;0.08;0.07;0.07;0.06;0.05;0.05;0.05;0.04;0.04;0.04;0.02;0.02;0.02;0.01;0.01
Padded;3.53;4.04;4.12;3.78;3.97;4.35;3.9;4.34;4.26;4.54;3.68;4.31
Painter’s supplies;8.58;7.19;7.27;8.17;7.69;6.94;6.74;6.75;8.3;6.66;7.2;7.22;6.97
Pan flute;9.0;10.48;9.79;10.54;9.76;9.7;8.6;10.61;9.94;8.39;9.45;7.93;9.68;11.02;8.81;7.09
Paper (one sheet);0.15;0.14;0.13;0.13;0.15;0.11;0.12;0.1;0.13;0.1;0.1;0.11;0.1;0.09;0.08
Parchment (one sheet);0.08;0.07;0.06;0.06;0.08;0.06;0.05;0.07;0.07;0.05;0.06;0.05;0.04
Perfume (vial);3.56;3.42;3.61;4.06;3.84;3.06;4.7;4.38;4.05;3.72;3.33;3.1;3.51
Pick, miner’s;1.26;1.33;1.38;1.45;1.53;1.33;1.25;1.46;1.21;1.54;1.36;1.62;1.79;1.32
Pike;3.72;3.12;4.21;2.97;2.82;3.62;3.74;3.29;3.76;3.67;4.07;3.33;3.8;4.07;3.75
Piton;0.03;0.03;0.03;0.02;0.02;0.01;0.02;0.03;0.03;0.03;0.02;0.02;0.01;0.01;0.01
Plate;1139.19;1051.62;1131.16;1459.1;1322.77;1319.18;1241.27;1262.57;1191.35;1354.55;1174.49;880.94;1114.45;1001.89;1082.09
Playing card set;0.4;0.49;0.37;0.36;0.32;0.38;0.31;0.27;0.27;0.26;0.26;0.28;0.34;0.38;0.39
Poison, basic (vial);79.59;80.53;90.94;77.87;75.5;90.75;77.44;93.42;74.25;66.79;81.29;90.78;77.33;79.44
Pole (10-foot);0.03;0.03;0.03;0.03;0.02;0.02;0.01;0.01;0.01;0.01;0.03;0.03;0.02;0.03;0.03
Pot, iron;1.57;1.58;1.58;1.59;1.76;1.59;1.71;2.13;1.39;1.25;1.36;1.31;1.25;1.23
Potion of Healing;38.62;37.32;33.89;33.23;27.51;59.08;36.98;80.09;32.7;57.94;33.93;70.64;30.31;32.25;27.23;37.37;30.82;34.63;28.82;28.78
Potter’s tools;8.1;7.61;7.15;8.57;6.64;6.46;7.29;7.09;6.84;7.07;9.37;6.51;7.61;7.6;7.05
Pouch;0.36;0.4;0.52;0.38;0.37;0.43;0.35;0.4;0.47;0.43;0.52;0.54;0.57;0.5;0.44
Quarterstaff;0.15;0.11;0.13;0.11;0.15;0.12;0.08;0.08;0.1;0.1;0.1;0.11;0.08;0.08;0.08
Quiver;0.77;0.85;0.8;0.85;0.66;0.73;0.8;0.79;0.52;0.55;0.51;0.53;0.47;0.49
Ram, portable;2.54;2.91;3.46;3.11;3.06;2.93;2.89;2.22;2.77;2.48;3.19;3.3;3.52;3.67;2.9;3.68
Rapier;17.36;21.16;19.16;19.13;14.96;22.11;17.34;15.57;16.8;15.3;15.65;16.44;18.29;15.16
Rations (1 day);0.34;0.36;0.35;0.35;0.36;0.31;0.33;0.34;0.37;0.28;0.37
Robes;0.65;0.73;0.67;0.9;0.8;1.0;0.86;0.87;0.77;0.89;0.81;0.82;0.83;0.82;0.82
Rope, 50 feet;0.72;0.81;0.81;0.7;0.93;0.85;0.64;0.86;0.71;0.74;0.79;0.7;0.72;0.81;0.66
Rope, hempen (50 feet);0.72;0.71;0.65;0.61;0.57;0.68;0.63;0.54;0.56;0.55;0.49;0.41;0.39;0.39;0.36;0.42
Rope, silk (50 feet);7.51;6.9;8.38;8.3;8.13;6.93;6.95;7.98;6.87;6.82;8.36;6.74;7.89;6.56;7.64;7.05
Sack;0.01;0.01;0.01;0.01;0.01;0.01;0.01;0.01;0.01;0.01;0.01;0.01
Saddlebags;2.81;2.95;2.85;3.42;2.75;2.88;2.63;2.7;3.26;3.59;2.91;2.58;2.94
Scale mail;40.16;33.32;36.72;32.28;38.19;36.36;29.99;30.46;33.06;35.29;37.08;44.6
Scale, merchant’s;4.02;4.19;3.7;3.77;4.85;4.38;5.01;4.17;5.23;4.83;3.85;4.63;4.34;5.32;4.16;4.17
Sealing wax;0.3;0.38;0.36;0.37;0.26;0.3;0.25;0.29;0.26;0.19;0.2;0.21;0.36;0.31;0.35
Shawm;1.36;1.46;1.66;1.19;1.45;1.45;1.63;1.27;1.49;1.32;1.33;1.52;1.36
Shield;8.55;7.46;8.0;7.81;8.48;7.37;8.7;7.61;7.46;9.17;9.21;9.0;8.06;7.56;6.51;6.05
Shortsword;8.24;6.38;6.48;6.3;6.92;7.01;5.7;6.23;6.96;6.77;6.47;7.06;6.66;6.09;8.04;8.0
Shovel;1.41;1.43;1.47;1.41;1.28;1.47;1.17;1.31;1.25;1.0;1.04;1.11;0.83;0.87;0.91
Sickle;0.69;0.77;0.87;0.7;0.67;0.71;0.58;0.88;0.77;0.7;0.92;0.75;0.69;0.73
Signal whistle;0.04;0.03;0.03;0.03;0.03;0.03;0.02;0.03;0.03;0.02;0.02;0.01;0.01;0.01
Signet ring;3.89;3.49;3.18;2.87;3.4;4.59;4.78;4.11;4.06;3.93;3.99;3.4;3.43;3.97;3.72
Sling;0.06;0.08;0.07;0.08;0.09;0.07;0.07;0.07;0.05;0.04;0.04;0.04;0.06;0.06
Sling bullets (20);0.02;0.01;0.02;0.02;0.03;0.03;0.03;0.03;0.02;0.02;0.01;0.01;0.02
Smith’s tools;13.9;14.97;15.55;16.73;17.52;13.03;14.89;14.79;15.76;15.91;15.13;19.08;20.9;22.16
Soap;0.01;0.01;0.01;0.01;0.01;0.01;0.01;0.01;0.01;0.01;0.01;0.01;0.01
Spear;0.82;0.9;0.82;0.76;0.84;0.88;0.73;0.74;0.79;0.76;0.73;0.5;0.7;0.75;0.77
Spellbook;40.68;48.34;41.98;42.13;41.8;43.28;37.02;43.59;34.75;38.18;29.2;32.04;38.02;36.32;31.12;40.78
Spikes, iron (10);0.88;0.7;0.83;0.61;0.79;0.78;0.69;0.74;0.73;0.67;0.73;0.63;0.6
Splint;98.88;151.1;157.66;137.77;143.63;151.27;150.94;154.52;184.68;145.64;130.37;173.31;140.29;122.61;157.49
Spyglass;834.24;603.77;575.05;685.37;610.34;737.38;691.11;797.61;547.56;633.53;744.16;791.63;670.48;644.1;531.63
Studded leather;32.07;36.3;33.15;40.07;36.39;35.26;42.22;32.03;32.04;36.68;35.38;40.96;42.69;36.34;41.82
Tent, two-person;1.55;1.68;1.32;1.24;1.76;1.81;1.52;1.55;1.84;1.57;1.65;2.09;1.94;1.6;1.67;1.57
Tents;6.82;6.97;6.43;7.32;6.04;7.1;8.81;7.96;7.34;7.52;7.73;6.65;7.11;6.73
Thieves’ tools;17.02;19.68;19.23;20.79;20.51;18.2;18.62;23.5;21.29;21.06;20.14;17.85;20.76;22.41;19.5
Tinderbox;0.36;0.38;0.31;0.29;0.32;0.3;0.35;0.33;0.46;0.34;0.45;0.4;0.26
Tinker’s tools;41.21;34.53;27.36;37.58;37.9;26.4;37.87;31.47;39.12;36.2;40.59;48.25;41.57;37.78
Torch;0.01;0.01;0.01;0.01;0.01;0.01;0.01;0.01;0.01;0.01;0.01;0.01;0.01
Trail Rations;0.43;0.38;0.37;0.36;0.3;0.34;0.29;0.29;0.4;0.34;0.37;0.32;0.49;0.34
Traveler's Clothes;0.68;0.78;0.7;0.72;0.73;0.95;0.76;0.75;0.75;0.81;0.74;0.9;0.87;0.88;0.7
Traveler's Rations;0.79;0.78;0.77;0.79;0.9;0.83;0.98;0.89;0.74;0.76;0.67;0.87;0.63
Trident;3.39;3.71;4.42;4.08;3.27;3.82;4.2;3.95;4.16;3.72;3.28;3.48;4.12;3.24;3.63
Vial;0.84;0.81;0.75;0.86;0.79;0.86;0.71;0.63;0.81;0.68;0.71;0.73;0.72;0.72;0.69
Viol;17.63;18.6;24.99;27.14;22.82;21.24;24.4;26.65;25.88;24.53;23.02;23.13;17.83;18.76;14.3
War Pick;3.53;3.29;3.34;3.54;3.33;3.31;3.41;3.53;4.08;4.57;3.65;4.11;4.1
Warhammer;10.34;12.97;10.56;13.31;12.1;9.34;12.45;10.35;11.98;8.96;9.33;10.29;13.85
Waterskin;0.13;1.83;1.49;1.43;1.47;1.18;1.31;1.19;1.19;1.36;1.27;1.5;1.41;1.32;1.46;1.44
Waterskin;1.63;1.83;1.49;1.43;1.47;1.18;1.31;1.19;1.19;1.36;1.27;1.5;1.41;1.32;1.46;1.44
Weaver’s tools;0.69;0.85;0.84;0.9;0.92;0.72;0.82;0.62;0.7;0.56;0.6;0.73;0.58;0.88;0.75;0.69
Whetstone;0.01;0.01;0.01;0.01;0.08;0.06;0.05;0.04;0.04;0.03;0.03;0.03;0.03;0.02;0.01;0.01
Whetstone;0.05;0.01;0.01;0.01;0.08;0.06;0.05;0.04;0.04;0.03;0.03;0.03;0.03;0.02;0.01;0.01
Whip;1.72;1.12;1.41;1.39;1.52;1.31;1.54;1.75;1.8;1.71;1.62;1.89;1.73;1.59;1.75
Woodcarver’s tools;0.7;0.75;0.86;0.73;0.73;0.81;0.76;0.83;0.52;0.75;0.68;0.62;0.66;0.61;0.64;0.55
canvas;0.07;0.06;0.07;0.05;0.05;0.05;0.04;0.04;0.03;0.03;0.03;0.03;0.02;0.02;0.02;0.02
cinnamon;1.49;1.22;1.29;1.59;1.14;1.16;1.38;1.35;1.24;1.59;1.22;1.12;1.29;1.27;1.28
cloves;2.52;2.42;2.19;2.27;1.93;2.43;1.86;1.9;2.27;2.5;2.21;1.72;2.43;1.65
copper;0.38;0.3;0.3;0.34;0.34;0.4;0.42;0.36;0.35;0.3;0.37;0.29;0.27;0.3;0.22
cotton cloth;0.44;0.4;0.43;0.3;0.36;0.4;0.36;0.41;0.4;0.41;0.41;0.48;0.37;0.39
flour;0.01;0.01;0.01;0.01;0.01;0.01;0.01;0.01;0.01;0.01;0.01;0.01;0.01;0.01;0.01;0.01
ginger;0.64;0.74;0.73;0.67;0.59;0.64;0.61;0.83;0.62;0.62;0.81;0.7;0.67;0.66;0.63
gold;35.71;41.18;35.58;32.39;34.8;29.85;35.56;33.76;35.57;34.36;35.26;34.75;32.66
iron;0.08;0.06;0.07;0.05;0.05;0.05;0.06;0.05;0.05;0.05;0.04;0.05;0.04;0.03;0.03;0.02
linen;3.9;3.92;3.67;3.51;4.18;3.35;4.41;4.76;4.84;4.71;4.74;4.17;4.06;4.02;5.16
one baby chicken;0.01;0.01;0.01;0.01;0.01;0.01;0.01;0.01;0.01;0.01;0.01;0.01;0.01;0.01;0.01
one baby goat;0.77;0.63;0.69;0.58;0.85;0.88;0.74;0.69;0.6;0.67;0.79;0.68;0.69
one baby ox;12.83;10.29;12.2;12.25;10.05;9.11;9.97;7.79;8.47;8.25;7.77;8.51;7.27
one baby pig;2.43;2.31;2.29;1.88;2.08;2.09;2.0;2.12;2.25;1.7;2.71;2.35;2.45;2.07;2.37
one baby sheep;1.36;1.23;1.43;1.29;1.2;1.18;1.43;1.49;1.56;1.57;1.86;1.43;1.39;1.77
pepper;1.47;1.78;1.59;1.66;1.66;1.77;1.78;1.64;1.39;1.34;1.23;1.46;1.49;1.61;1.48
platinum;441.63;394.31;396.65;387.97;462.06;427.91;339.85;366.61;409.03;437.08;411.91;420.06;399.64
saffron;11.23;11.93;8.78;10.67;9.82;10.52;10.63;10.4;9.12;9.53;9.94;9.8;9.94;9.18;11.19
salt;0.03;0.03;0.03;0.03;0.03;0.03;0.02;0.01;0.01;0.01;0.01;0.01;0.01;0.01;0.01
silk;8.11;7.99;6.02;7.75;7.47;9.33;7.11;7.93;6.42;8.25;5.64;5.61;7.59;9.67
silver;3.49;3.54;3.27;3.72;3.58;3.15;4.59;5.23;4.67;3.93;4.42;3.7;4.02;3.42
wheat;0.01;0.01;0.01;0.01;0.01;0.01;0.01;0.01;0.01;0.01;0.01;0.01;0.01;0.01;0.01
Amulet of Health (+4);10251.17;9036.12;9181.75;11344.86
Ashes of Al'ar;12501.95;12095.28;8361.14
Bastard Sword;41086.02;39974.65;47111.12;30700.11
Boots of Striding and Springing;7554.67;9877.07;11987.28;9179.17
Bottle of Brandywine;4.08;4.26;5.91
Bottle of Common Wine;0.96;1.12;1.47;2.06;2.32;2.55;2.18
Chalice of Life;127.56;137.75;191.37
Cloak of Invisibility;31083.57;33931.57;28854.09;39621.9;31761.45;29494.72;28932.11;26021.55
Cursed Coin Purse;32.36;36.31;53.83;62.54;35.88;54.35;53.52;35.18
Enigmatic Puzzle Box;125.79;183.21;177.67;215.38;205.36;258.78
Goggles of Night;7642.37;7772.59;8538.8;11280.92;12837.59;15335.9;13011.82
Harmonic Harp;138.99
Holy Arrow;5.5;6.94;8.18;7.02;7.15
Kama (+3 weapon);13522.49;15025.34
Musical Instrument (Oboe);42.25;54.27;42.62;51.26;45.52;55.74;59.66;63.16;60.64;83.25
Musical Instrument (Tambourine);0.64;0.66;0.53;0.45;1.01;0.84
Musical Instrument (Triangle);0.82;0.64;0.69;0.51
Potion of Cure Light Wounds;33.02;19.61;27.31;42.99;46.04;39.54;29.59;34.95
Potion of Darkvision;188.75;148.04
Potion of Flying;655.27;713.08
Ring of Climbing;1968.5;1652.07;1315.34;990.9;1277.36;1963.91;1647.8;1533.41
Ring of Resilience;6908.74;6217.98;7559.42;8780.43;8687.1;8176.27;5180.31
Satin Robe;137.8;145.53;225.25;243.26
Scroll of Fireball;825.45;1045.17;1190.59
Set of bagpipes;20.12
Spined Shield;3785.24;3661.62
Staff of Healing (25 of 50 charges);12977.98
Staff of Power;19518.02;22158.05;21086.81;52667.69
Wand of Magic Missiles;4173.4;2849.91;4300.82
Wand of Neutralize Poison;3376.57;2547.62;3166.22;2698.24
Wheel of Cheese;13.81;11.91;8.31;9.49;8.52;6.51;5.61;5.24
Whispering Wind Chime;69.87;62.69;73.8;67.59;58.28;50.05;65.96
yellow Quartz;35.59;33.63;26.91;32.31
Battleaxe;7.28;7.91;8.45;8.66;9.52;7.9;8.39;9.31;10.77;8.23;10.48;11.01;10.34;9.59;10.73
Book;19.54;19.73;15.27;18.06;20.71;19.46;20.62;18.42;18.35;20.07;20.9;18.08;16.36;19.62
Breastplate;314.33;230.56;264.34;304.98;214.95;290.7;283.42;312.93;314.28;301.63;295.34;262.09;244.12;242.8
Calligrapher's Supplies;8.11;8.52;8.72;6.06;7.25;6.9;6.46;6.81;6.64;8.32;7.63;6.69;7.56
Chain shirt;39.08;37.91;31.56;32.19;33.88;35.67;35.36;38.58;30.41;36.34;33.97;34.53;34.68;34.89
Hammer, sledge;1.3;1.33;1.22;1.45;1.38;1.29;1.19;1.37;0.88;0.97;1.07;1.47;1.0;1.24;1.1
Lantern;4.03;3.76;4.19;3.29;4.24;4.95;4.83;4.89;5.19;5.62;5.19;3.19;4.45;4.46
Morningstar;12.48;12.03;13.29;11.68;9.54;11.94;10.37;10.41;12.11;10.81;12.36;9.81;10.07
Ring mail;27.1;22.51;19.3;21.58;26.95;22.4;30.92;27.59;27.39;27.99;23.66
Scimitar;18.56;16.25;14.78;16.16;14.21;19.0;14.53;19.43;21.33;16.74;17.47;20.53;16.67;20.07
Shortbow;18.47;18.26;19.19;18.98;17.71;18.33;20.0;16.88;20.48;20.47;14.81;13.52;15.7
one baby cow;6.72;5.54;5.59;6.89;7.78;6.29;6.47;7.26;9.42;8.15;10.04;8.38;10.3
Amulet of the Planes;95871.97;99966.31;78137.32;58227.66;64635.17;135640.32;86383.81;81722.51;79327.39
Buckler;7111.9;6909.87
Crystal Orb of Fortune Telling;28.09;24.96;38.63;47.36;36.72;47.5;36.45;29.51;32.26
Feathered Quill of Endless Ink;15.42
Gloves of Dexterity;2792.64;2355.93;2188.02;2993.18
Hematite;10.95;12.03;13.31;11.62;8.52;9.83
Key of Passage;244.33
Musical Instrument (Baglamas);8.07;9.96;22.23
Musical Instrument (Drum);2.29;2.53;2.7;2.69
Musical Instrument (Piccolo);31.54;23.1
Potion of Giant Strength;232.56;355.28;420.17;228.79;199.99;208.78;200.43
Ring of Kalecgos;12818.4;12928.64;11021.95;10311.21;10934.33;9509.52
Ring of Protection;5299.25;4255.77;4292.58
Rod of Flame Extinguishing;17955.07;13873.1;9594.04;9274.84;10794.99;11143.71;9022.66
Staff of Abjuration (16 of 50 charges);18194.57;17481.64;15063.38;15397.4;15753.89;15041.16
True Wand;23441.47;32179.89;24992.04;31472.97;31312.83
Veil of Concealment;110.44;95.94;107.62
White Onyx;37.86;40.88;38.24;33.73;34.17
Yellow Topaz;527.17;381.71;284.92
Case, crossbow bolt;0.82;0.72;0.64;0.71;0.8;0.85;0.8;0.79;0.69;0.62;0.71;0.87
Case, map or scroll;0.75;0.8;0.8;0.63;0.63;0.64;0.76;0.77;0.77;0.64;0.56;0.59;0.68;0.57
Horn;2.44;2.31;2.02;2.25;2.25;2.22;2.2;2.36;1.95;1.84;2.08;2.02;1.89
Armor Potion (Standard);50.74;42.27;54.96;46.13;84.2;85.91;47.6
Celestial Compass;101.48;100.18;109.59;105.1;143.57
Crystal Eye Pendant;124.71;94.53;87.14;49.15;105.14;96.77
Everburning Torch;35.1;24.95;29.76;27.18;23.01;24.06;26.79;25.22;31.38;23.87
Flask of Liquid Courage;51.14;40.7;32.04;43.8;40.68;39.19;40.72;38.75;35.1
Ghost Fungus (1 shroom);0.68;0.67;0.95;0.8;0.74
Manual of Gainful Exercise (+1);19033.87;15272.05
Mirror of Memory;81.83;82.45;71.36
Musical Instrument (Accordion);23.92;14.07;19.74;38.11
Musical Instrument (Clarinet);24.68;18.83;17.68;34.95;33.99;47.68
Musical Instrument (Cymbals);1.56
Orb of Timekeeping;70.3;61.5;50.23;67.25
Rune-etched Gauntlets;76.28;98.67
Small Cask of Tobacco;1.17;1.07;1.52;1.45
Blade of Olympus;1006.96;1533.68;1205.03;1232.32;973.75;901.43
Elixer of Truth;586.54
Flask of Eternity;120.92;135.06;206.57
Horn of Blasting;16605.03;12546.61;14678.63;10220.52
Jade set of Animal figurines;171.07;162.22;113.49
Light Catapult;351.66;395.39;417.76;423.0
Potion of Mage armor;38.24;33.21;20.89;19.49;37.18
Potion of shield of faith;736.91;748.33;622.26;593.59;652.29;811.88
Quicksilver Vial;54.2;69.81;63.41;50.23
Rod of Absorption;30544.19
Amulet of the Mage;6365.97;5196.13;5608.25;6897.95;13671.93
Arcane Scroll (sleep);11.71;21.06
Chalice of Dreamweaving;174.75;153.71;138.32;152.22
Dagger of Venom;6353.86
Headband of Intellect (+6);23477.34
Mask of Illusion;69.85
Mask of the Veil;72.58;81.29
Melodious Music Box;178.59;140.05
Musical Instrument (Bassoon);87.36;79.47
Musical Instrument (Koto);135.18;171.21;105.6;93.82;95.36
Musical Instrument (Violin);22.47;22.06
Potion of Remove Fear;31.51;41.5
Ring of the Ram (26 of 50 charges);4803.73;3838.71;3679.92;3063.87;2362.09
Ring ofsell Turning;74143.78;82649.33
Large Iron Box;1.64;1.88
Mirror of Reflection;142.04;113.93;159.48;93.04;66.92
Musical Instrument (Bagpipes);26.31;14.73;14.81;14.55
Musical Instrument (Pan Flute);8.62;11.66;12.23;8.55;10.15;11.2;11.41
Musical Instrument (Trumpet);24.63;22.66;25.6;18.07;15.66;12.54
Siangham (Small);36170.87
Whispersilk Cloak;121.24;174.87;83.2
Black Pearl;249.87;201.08;241.74
Bottle of Fine Wine;2.81
Lens of Truth;39.6;44.41;52.57
Musical Instrument (Didgeridoo);18.68;16.3;25.42
Musical Instrument (Flugelhorn);43.93
Musical Instrument (Saxophone);51.96
Potion of Blur;147.47;188.61;178.78
Potion of Cat Agility;174.86;207.69;144.61;162.79;239.49
Potion of Endure elements;26.5
Potion of Invisibility;225.85;357.66;307.39;485.82;248.69
Wand of Acid Arrow (12 of 50 charges);1030.34;576.35;804.81;768.33
Whispering Amulet;84.54;83.37;106.26
Whispering Blade;147.99;104.21
45 Gallons of ale;6.88;6.63;5.32;5.76
Arcane Scroll (Invisibility);78.82;77.27;75.98;107.46
Mirage Cloak;126.81;167.64
Musical Instrument (Trombone);60.45;60.43;51.77;56.08;38.41
Rod of Cancellation;7751.26;6360.46;17736.61;22056.52;15501.91
Rod of the Viper;13860.62
Arcane Scroll;74.04;25.92;16.72;13.43
Azurite;10.16
Dust of Disappearance;1993.48;1920.62;2018.22
Featherfall Amulet;53.05;56.05;62.36;45.47
Musical Instrument (Balalaika);26.49;26.4
Musical Instrument (Harmonica);2.34;1.97;2.27;2.19
Musical Instrument (Tabla);57.76
Musical Instrument (Xylophone);9.6
Potion of Greater Healing;412.29;378.98;395.18
Sack of Apples;3.26
Skooma;34.58
Staff of Size Alteration;10721.63;16066.76
Amulet of Vitality;6750.6;13462.81
Musical Instrument (Harp);52.45;66.86;72.2;45.04;49.66;37.05;39.41
Cape of the Mountebank;21136.8;20333.75;15037.91;13090.81;13253.68;14760.34
Dancing Flame Lantern;30.55
Amulet of Serenity;85.31;106.18
Elixer of swimming;157.59;189.99;142.88
Musical Instrument (Banjo);38.41;30.02;35.7;21.9
Rod of extend metamagic (lesser);2348.69
Rod of the Python;11050.69
Saronite Bar;140.73;126.26;98.04;87.94
Trinket of Elemental Control;54.31
Mask of Deception;65.19
Musical Instrument (Flute);1.11;1.06
Musical Instrument (Ukulele);7.4
Ring of Keys;1502.52
Echoing Conch Shell;65.59;70.68
Moonstone;24.91;16.76
Musical Instrument (Lute);21.02
Musical Instrument (Sitar);76.34
Potion of Jump;52.42
Shard of the Stars;167.95