Abacus;2.37;2.05;2.11;2.18;2.09;2.34;2.07;2.23;2.11
Acid (vial);27.95;26.7;25.56;26.71;25.37;24.44;26.46;26.37;25.51;26.28;26.01
Alchemist’s fire (flask);61.39;60.84;65.69;66.31;62.8;58.51;58.61;60.32;56.27;54.01;53.38;51.37
Antitoxin (vial);49.47;46.51;45.48;47.33;45.2;48.65;46.55;50.01;51.19;48.8
Arrows (20);0.79;0.75;0.79;0.74;1.02;1.03;1.01;1.0;1.08;1.05
Backpack;1.85;1.82;1.71;1.77;1.76;1.59;1.41;1.4;2.17;2.37;2.22;2.2
Backpack;2.24;1.82;1.71;1.77;1.76;1.59;1.41;1.4;2.17;2.37;2.22;2.2
Bagpipes;29.56;30.43;30.85;32.43;30.83;31.8;31.65;29.15;28.07;27.61
Ball bearings (bag of 1,000);0.86;0.87;0.96;0.89;0.88;0.88;0.89;0.92;0.91;0.95;0.92
Barrel;2.24;2.38;2.06;2.26;2.23;2.1;2.03;2.02;1.85;1.73
Basket;0.44;0.43;0.43;0.43;0.42;0.41;0.41;0.41;0.39;0.38;0.36;0.37
Battleaxe;13.49;13.43;13.34;14.27;14.02;10.83;10.64;10.63;10.47;10.85;10.57
Bedroll;0.97;1.05;1.01;1.02;1.03;1.09;1.08;1.12;1.06;1.0;0.94;0.95
Bedroll;0.08;1.05;1.01;1.02;1.03;1.09;1.08;1.12;1.06;1.0;0.94;0.95
Bell;0.96;0.98;0.93;0.9;0.89;0.82;0.81;0.79;0.82;0.81;1.01
Blanket;0.49;0.51;0.47;0.47;0.45;0.46;0.5;0.53;0.5
Block and tackle;0.7;0.73;0.77;0.74;0.65;0.99;1.03;1.04;1.07;1.04
Blowgun;9.28;9.78;10.08;9.94;10.85;11.23;10.6;10.36;9.15;9.04
Blowgun Needles (50);0.97;0.94;1.01;1.0;1.0;1.01;0.94;0.94;0.94;0.98;0.98;0.99
Book;24.73;26.55;28.04;27.19;27.59;25.52;24.24;24.1;24.24;23.52;21.57
Bottle, glass;1.8;1.76;1.61;1.51;1.45;1.49;1.54;1.47;1.44;1.49;1.48;1.53
Brewer’s supplies;19.92;20.44;21.05;22.91;19.32;19.21;17.24;18.84;19.48;18.31
Bucket;0.01;0.01;0.01;0.04;0.03;0.03;0.04;0.05
Calligrapher's Supplies;9.93;9.99;9.16;9.99;10.79;11.18;12.47;10.58;9.79
Caltrops (bag of 20);1.1;1.14;1.13;1.14;1.1;1.12;1.05;1.03;1.0;1.0;0.93
Candle;0.01;0.01;0.01;0.01;0.01;0.01;0.01;0.03;0.03
Carpenter’s tools;8.95;8.89;8.23;9.12;8.42;9.25;9.4;10.59;11.02;8.04
Cartographer’s tools;16.74;16.95;17.26;16.53;15.07;14.75;15.64;14.56;14.75;15.52
Case, crossbow bolt;0.99;0.93;0.99;1.01;0.87;0.9;0.92;0.95;0.96;1.0
Case, map or scroll;0.75;0.74;0.99;0.93;0.93;0.95;0.96;1.04;1.04;1.03;1.0
Chain (10 feet);3.89;3.83;3.92;3.96;4.67;5.39;4.96;4.78;5.07;5.24
Chain shirt;42.41;40.1;39.92;41.83;41.18;44.26;44.59;44.57;48.89;47.94;49.02
Chalk (1 piece);0.01;0.01;0.01;0.01;0.01;0.01;0.01;0.01;0.01;0.01;0.01
Chest;5.27;4.73;4.47;4.19;4.16;3.87;3.72;3.51;3.51;3.2;3.33;3.32
Clothes, Common;0.43;0.4;0.4;0.5;0.51;0.52;0.52;0.49;0.5;0.52
Clothes, costume;5.18;5.16;5.1;4.88;4.98;5.4;5.37;4.98;4.8;4.87;4.77
Clothes, fine;14.93;15.01;15.2;14.17;15.33;15.85;15.38;14.37;15.12;15.38
Clothes, traveler’s;1.5;1.49;1.47;1.44;1.43;1.5;1.49;1.46;1.37;1.37;1.32;1.33
Club;0.07;0.06;0.05;0.04;0.03;0.02;0.02;0.02;0.02;0.02;0.02;0.01
Cobbler’s tools;3.75;4.02;3.68;3.44;3.15;4.69;4.7;4.72;4.97;4.9
Component pouch;26.6;28.44;27.46;30.27;31.48;32.9;25.46;26.54;25.47;25.77;23.81
Cooking Pot;2.04;2.15;2.19;2.06;2.12;2.13;2.08;2.04;2.05;2.03
Cook’s utensils;1.03;1.05;0.98;0.99;0.97;0.97;0.94;0.96;0.91;0.99;1.01
Crossbow bolts (20);1.12;1.11;1.1;1.16;1.17;1.13;1.14;1.13;1.13;1.11;1.14;1.25
Crossbow, hand;65.13;67.45;68.11;71.64;70.73;75.05;70.39;70.02;75.12;71.66;72.62
Crossbow, heavy;52.75;51.54;54.34;56.03;54.89;53.9;53.07;53.96;47.88;53.75;57.07;54.75
Crossbow, light;26.01;27.25;27.12;26.24;27.2;27.14;26.79;24.35;24.53;23.63
Crowbar;1.61;1.57;1.65;2.05;2.07;2.15;2.13;2.15;2.15;1.93
Dagger;2.04;1.91;2.0;2.02;1.99;1.91;2.02;2.0;1.98;1.95;1.98
Dart;0.01;0.01;0.01;0.01;0.01;0.01;0.01;0.01;0.01;0.01;0.01;0.01
Dice set;0.06;0.05;0.04;0.04;0.04;0.04;0.1;0.1;0.09;0.08
Drum;5.87;5.37;5.43;6.12;6.34;5.73;5.57;5.86;5.9;5.5
Dulcimer;24.98;26.06;26.11;24.4;24.33;23.79;24.28;24.33;24.36;23.27
Fishing Rod;1.2;1.27;1.09;0.93;0.83;0.8;1.01;1.05;1.13
Fishing tackle;1.12;1.11;1.08;1.07;1.1;1.15;1.15;1.13;1.17;1.06;1.08
Flail;8.53;7.97;8.35;9.06;8.87;8.71;9.35;10.22;10.09;10.87
Flask or Tankard;0.01;0.01;0.01;0.01;0.01;0.01;0.01;0.01;0.01;0.01;0.01
Flute;2.0;2.04;2.19;2.23;2.3;1.17;2.07;1.12;2.08;2.24;0.9;2.3;2.31
Glaive;20.36;21.68;22.18;19.39;18.61;18.16;18.49;18.95;19.71
Glassblower’s tools;26.96;25.64;24.18;25.08;23.69;27.05;31.29;31.11
Grappling hook;1.32;1.28;1.46;1.46;1.34;2.02;2.2;1.81;1.74;2.04;2.08
Greatclub;0.17;0.17;0.17;0.16;0.16;0.15;0.14;0.19;0.18;0.17
Greatsword;57.04;57.46;54.76;50.59;51.29;55.88;55.7;55.73;52.62;52.23;50.62
Halberd;22.9;23.2;21.76;22.85;22.96;23.65;24.84;25.58;19.46;16.97
Half plate;872.87;901.36;954.91;906.27;912.63;937.93;1027.76;961.44;698.67;733.32
Hammer;1.03;0.94;0.94;0.92;0.89;1.01;0.95;0.91;0.84;0.78
Hammer and Nails;0.47;0.47;0.49;0.51;0.5;0.52;0.48;0.48;0.45;0.48;0.47
Hammer, sledge;1.35;1.97;1.85;1.75;2.0;2.01;1.99;2.02
Handaxe;4.67;4.78;4.74;4.93;5.34;5.4;5.57;5.57;5.29;5.82;5.76;5.79
Healing Potion;43.84;43.46;44.66;44.25;39.93;39.26;37.8;38.09;48.74;47.96
Hide;9.1;8.62;8.76;8.97;8.78;8.37;8.08;7.81;8.18;7.38;9.89
Holy Water (flask);23.14;23.31;22.27;24.08;25.73;26.81;28.28;29.64;30.03;31.42;31.09
Horn;2.99;2.8;2.66;2.87;2.94;2.91;2.92;2.86;2.9;2.81;2.82;2.74
Hourglass;21.09;19.87;21.46;21.33;21.42;24.09;23.54;22.57;20.16;21.75;20.89
Hunting trap;5.48;5.01;4.9;4.92;5.12;4.75;4.72
Ink (1 ounce bottle);10.3;10.33;10.64;10.08;10.39;9.6;10.07;10.06;10.09;9.71
Ink and Quill;0.01;0.01;0.01;0.01;0.01;0.01;0.01;0.01;0.01;0.01;0.01;0.01
Ink pen;0.01;0.01;0.01;0.01;0.01;0.01;0.01;0.01;0.01;0.02;0.01
Javelin;0.47;0.42;0.39;0.39;0.38;0.4;0.5;0.51;0.55;0.51
Jeweler’s tools;23.15;24.07;24.06;23.96;23.15;22.23;23.75;22.77;28.15;26.08;26.02
Jug or Pitcher;0.01;0.01;0.01;0.01;0.01;0.01;0.01;0.02;0.01;0.01
Kit, climber’s;23.12;23.75;24.79;27.17;26.26;26.34;24.91;25.72;25.42;26.46;27.2;25.72
Kit, disguise;22.44;23.56;24.24;21.76;20.74;24.15;24.12;23.63;23.55;20.85;21.31
Kit, forgery;17.05;14.48;16.0;17.2;16.88;16.67;16.99;18.08;14.63;15.55;16.34
Kit, healer’s;3.2;2.95;3.29;3.23;3.19;3.14;3.28;4.73;4.56;4.69;4.58
Kit, herbalism;4.87;5.04;4.91;4.8;4.71;5.14;4.89;4.44;4.9
Kit, mess;0.16;0.16;0.14;0.14;0.14;0.2;0.19;0.19;0.19;0.18
Kit, poisoner’s;45.47;46.19;47.95;46.85;50.83;45.69;43.28;46.84;44.73;49.64
Ladder (10-foot);0.02;0.01;0.01;0.01;0.01;0.01;0.09;0.09;0.08;0.08;0.08
Lamp;0.5;0.43;0.49;0.47;0.45;0.46;0.46;0.46;0.46;0.44;0.37
Lance;9.4;9.79;9.52;10.75;9.87;9.04;9.41;9.39;9.64;9.69;9.76
Lantern;5.28;5.06;5.39;5.62;6.05;6.64;5.1;5.59;5.38;5.52
Lantern Oil;0.09;0.09;0.09;0.08;0.07;0.06;0.05;0.05;0.04;0.03;0.03;0.02
Lantern, bullseye;10.48;11.13;12.17;10.03;10.02;9.84;9.25;9.27;9.99;9.54;9.61
Lantern, hooded;5.46;5.25;5.55;5.8;4.8;4.58;4.62;4.49;4.76;5.09;5.34
Leather;11.81;11.28;12.33;12.34;12.89;13.81;13.79;10.06;9.66;9.47;9.3
Leatherworker’s tools;3.87;4.26;4.22;4.14;3.99;3.89;5.57;5.7;5.96;6.23;6.38
Light Hammer;1.74;1.64;1.66;1.67;1.72;1.77;2.09;2.16;2.06
Lock;7.7;7.56;7.63;7.49;9.7;10.11;9.72;9.61;9.48;9.24;9.15
Lockpicks;21.28;22.77;21.64;21.0;19.3;18.15;18.08;17.77;16.33;16.44;16.87;15.69
Longbow;48.38;47.02;41.31;40.44;41.01;41.81;39.46;36.85;48.39;46.51;47.88
Longsword;12.35;12.42;12.66;12.43;12.12;15.66;14.09;13.84;13.28
Lute;36.43;39.07;36.61;33.86;35.09;33.62;32.68;32.3;33.2;33.07;32.94
Lyre;29.12;28.68;29.48;32.89;31.52;30.85;28.69;29.76;30.09;30.38
Mace;5.04;4.9;4.85;4.79;4.79;5.27;5.26;5.39;5.55;5.49
Manacles;1.8;1.73;1.66;1.99;1.87;1.84;1.76;1.82;1.91
Map of the Region;9.35;10.49;10.52;10.52;10.64;10.06;9.33;9.24;9.59;9.48;8.97
Mason’s tools;7.12;10.71;11.29;11.34;12.15;12.16;12.25;12.14;12.62;12.69;13.27
Maul;8.14;9.1;8.95;9.28;8.53;8.51;8.63;8.79;9.01;8.35;8.49
Mirror, steel;3.34;3.26;3.2;3.42;3.68;5.37;4.89;4.89;5.22
Morningstar;14.26;14.69;15.17;13.33;14.34;15.63;15.48;14.97;15.63;16.56
Navigator’s tools;25.83;25.19;23.6;24.38;25.77;23.98;25.06;25.66;24.88;24.18;25.33;23.85
Net;0.95;0.91;0.85;0.86;0.84;0.76;0.81;0.71;0.63;0.62;0.65;0.69
Oil (flask);0.01;0.01;0.01;0.01;0.01;0.01;0.01;0.01;0.01;0.01;0.01;0.01
Padded;5.24;5.64;5.88;5.95;5.67;5.91;5.59;5.74;5.81;5.97;6.49;6.43
Painter’s supplies;9.52;9.36;9.41;9.42;9.55;9.81;10.21;10.0;9.75;9.99
Pan flute;12.48;12.8;11.63;12.92;13.02;12.75;13.6;13.46;13.63;13.27
Paper (one sheet);0.09;0.09;0.08;0.08;0.07;0.07;0.06;0.05;0.04;0.03;0.03;0.02
Parchment (one sheet);0.05;0.04;0.03;0.02;0.01;0.01;0.01;0.01;0.01;0.01;0.01;0.01
Perfume (vial);4.36;4.69;5.01;4.84;4.8;4.93;5.02;5.15;5.52;5.45;5.2;5.88
Pick, miner’s;1.8;1.83;1.74;1.58;1.53;1.5;1.85;1.98;2.0;1.94;2.01
Pike;4.89;5.01;5.1;5.07;5.03;5.15;4.98;5.07;4.95
Piton;0.01;0.01;0.01;0.01;0.01;0.01;0.01;0.04;0.03;0.03;0.03
Plate;1583.97;1664.96;1714.72;1761.35;1646.39;1691.82;1689.87;1562.36;1537.95;1429.29
Playing card set;0.51;0.48;0.47;0.45;0.42;0.43;0.46;0.43;0.43;0.39;0.39;0.36
Poison, basic (vial);107.12;98.94;88.35;93.75;94.77;86.95;107.69;99.44;98.98;96.71
Pole (10-foot);0.03;0.02;0.01;0.01;0.01;0.01;0.05;0.04;0.04;0.04;0.04
Pot, iron;1.67;1.95;1.98;2.17;2.09;1.95;2.04;1.98;2.01;1.95
Potion of Healing;42.18;42.73;40.03;38.57;37.85;39.18;41.1;55.77;52.23;81.08;55.19;55.08
Potter’s tools;11.37;12.55;10.54;11.62;11.36;11.68;10.95;10.98;11.71;11.55;11.76
Pouch;0.63;0.6;0.55;0.54;0.53;0.49;0.48;0.51;0.55;0.52;0.53
Quarterstaff;0.1;0.21;0.22;0.23;0.19;0.19;0.21;0.2;0.19
Quiver;0.58;0.58;0.5;0.51;0.48;0.45;0.42;0.41;0.42;0.47;0.44;0.47
Ram, portable;5.08;5.14;5.6;5.42;5.36;4.23;4.16;3.9;3.71
Rapier;24.9;24.59;24.07;23.34;23.45;22.73;21.17;22.15;20.3;20.05;20.99;19.88
Rations (1 day);0.51;0.54;0.51;0.51;0.45;0.48;0.51;0.51;0.52;0.54
Ring mail;29.62;26.74;26.87;25.89;25.71;23.3;24.52;24.5;24.37;28.96;28.12
Robes;1.16;1.25;1.18;1.17;1.14;1.11;1.11;1.12;1.13;1.2;1.18;1.2
Rope, 50 feet;0.93;1.01;1.02;1.04;1.04;0.91;0.9;0.93;0.9;0.93;0.93
Rope, hempen (50 feet);0.48;1.04;1.02;1.08;1.09;1.05;0.97;0.95;0.92;0.87
Rope, silk (50 feet);10.05;10.4;9.86;9.75;9.37;9.64;9.86;9.32;9.33;9.4;8.99;8.51
Sack;0.01;0.01;0.01;0.01;0.01;0.01;0.02;0.01;0.01
Saddlebags;3.84;3.76;3.58;3.29;3.25;3.21;3.43;3.39;3.11;3.2;3.52;3.69
Scale mail;51.38;53.17;52.71;52.12;52.16;51.23;50.02;49.9;49.25;47.56;45.72;51.05
Scale, merchant’s;5.88;5.27;5.79;5.48;5.65;5.6;5.7;5.83;6.17;6.42;4.84
Scimitar;25.59;26.81;29.31;28.55;32.28;29.66;28.39;23.94;23.89;23.37;24.22
Sealing wax;0.45;0.41;0.41;0.4;0.42;0.43;0.5;0.49;0.52;0.49;0.46
Shawm;1.99;1.9;1.84;2.0;1.99;2.02;2.29;2.12;2.23;2.21
Shield;10.27;10.0;9.67;9.89;10.14;10.1;10.1;10.28;10.07;11.56;11.29
Shortbow;22.39;24.69;24.54;24.36;23.92;24.19;25.8;26.14;25.42;26.89
Shortsword;9.2;10.88;12.45;11.98;9.41;8.68;8.84;7.91;9.38
Sickle;1.13;1.03;0.99;1.0;1.03;1.07;1.05;1.03;1.07;1.0
Signal whistle;0.01;0.01;0.05;0.04;0.04;0.04;0.03;0.03;0.04;0.04
Signet ring;5.05;4.65;4.8;4.6;4.88;4.38;4.44;4.42;4.22;4.94
Sling;0.1;0.1;0.1;0.09;0.09;0.08;0.07;0.07;0.09;0.08;0.08
Sling bullets (20);0.03;0.03;0.02;0.02;0.02;0.03;0.02;0.04;0.03;0.03
Smith’s tools;28.81;31.02;30.31;30.75;30.0;27.82;28.12;28.9;30.68;31.44;31.82;30.41
Soap;0.01;0.02;0.02;0.01;0.01;0.01;0.01;0.01;0.01;0.01;0.01
Spear;1.03;1.02;1.11;1.15;1.23;1.22;1.29;1.21;1.16;1.2;1.13;1.13
Spellbook;43.94;44.32;44.41;47.5;45.12;47.59;49.65;49.1;52.73;50.44
Spikes, iron (10);0.86;0.89;0.98;0.91;1.06;1.08;1.06;0.99;1.0;0.99;0.96
Splint;177.1;198.91;202.08;188.91;197.27;191.99;199.25;177.5;192.57;191.44
Spyglass;856.54;862.68;910.88;927.02;858.05;855.28;765.43;966.27;976.82;969.37;953.7
Studded leather;51.43;48.62;53.01;52.42;51.18;50.18;52.06;50.82;52.57;55.68;53.32;54.91
Tents;8.62;9.25;9.46;8.94;9.75;9.8;9.77;9.39;9.19;8.97;8.97
Thieves’ tools;28.0;26.28;26.41;27.26;28.32;29.92;31.13;30.38;26.28;25.14;23.73
Tinderbox;0.45;0.52;0.54;0.5;0.45;0.54;0.47;0.53;0.49
Tinker’s tools;57.79;51.56;50.8;47.59;46.88;45.16;44.82;47.36;47.42;47.63;49.74;51.42
Torch;0.01;0.01;0.01;0.01;0.01;0.01;0.01;0.01;0.01;0.01;0.01;0.01
Trail Rations;0.48;0.5;0.48;0.51;0.51;0.5;0.48;0.47;0.47;0.46;0.5
Traveler's Clothes;1.01;1.0;1.02;1.05;1.03;0.97;1.0;0.98;0.94;0.95;0.89
Traveler's Rations;0.99;0.97;1.01;0.89;0.85;0.8;0.9;0.97;0.91;0.92
Trident;5.53;5.18;5.19;5.2;4.9;5.12;5.02;4.95;4.6;4.85
Vial;0.9;1.01;1.02;1.01;0.9;0.79;0.76;0.98;0.96;0.89
Viol;19.92;20.95;22.73;20.8;20.14;19.2;27.95;27.34;27.8;26.82;29.01
War Pick;4.74;4.7;4.48;4.57;4.47;4.59;4.92;4.88;5.09
Warhammer;17.18;18.52;18.19;17.86;15.51;15.27;15.22;14.61;14.33
Waterskin;1.72;1.75;1.76;1.78;1.89;2.02;2.08;1.84;2.0;2.04;0.21
Weaver’s tools;0.94;1.06;1.06;1.06;1.12;1.17;1.23;1.11;1.13;1.16
Whetstone;0.01;0.01;0.01;0.01;0.01;0.05;0.05;0.04;0.05;0.04
Whip;1.94;2.01;2.02;1.9;1.72;1.74;1.77;1.77;1.89;1.89;2.03;1.97
Woodcarver’s tools;0.82;0.85;0.89;0.87;0.86;1.04;1.05;1.05;1.02;1.04
canvas;0.03;0.03;0.1;0.1;0.1;0.1;0.1;0.1;0.09
cinnamon;1.63;1.63;1.57;1.64;1.54;1.91;1.76;2.02;1.99
cloves;2.69;2.57;2.47;2.4;2.33;2.45;2.48;2.52;2.44;2.41;2.44;2.53
copper;0.38;0.5;0.48;0.49;0.48;0.46;0.45;0.47;0.44
cotton cloth;0.45;0.43;0.4;0.41;0.38;0.46;0.54;0.52;0.5
flour;0.01;0.01;0.01;0.01;0.02;0.03;0.02;0.02;0.02
ginger;0.77;0.72;0.75;0.79;0.8;0.97;0.97;0.92;0.86;0.84;0.8
gold;45.17;47.37;47.41;45.11;50.2;49.55;51.39;50.57;47.9;45.02;40.19
iron;0.01;0.01;0.01;0.01;0.01;0.01;0.01;0.01;0.01;0.01;0.01
linen;6.07;6.31;6.27;6.4;6.05;4.94;5.19;4.89;4.89
one baby chicken;0.01;0.01;0.01;0.01;0.02;0.01;0.01;0.01;0.01;0.01;0.01
one baby cow;12.71;13.15;13.38;13.54;13.09;12.92;14.09;14.52;14.72;14.11;12.54;12.18
one baby goat;0.9;0.95;0.94;0.95;0.95;0.94;0.89;0.87;0.91;0.98;0.96
one baby ox;15.7;15.46;15.45;14.48;13.98;13.59;14.66;14.65;16.12;16.81;16.13;15.7
one baby pig;2.81;2.78;2.91;2.9;2.92;2.91;2.84;3.13;3.23;3.04
one baby sheep;1.82;1.75;1.77;1.72;1.76;2.1;1.99;1.99;2.14
pepper;2.13;2.16;2.17;2.11;1.98;1.98;2.02;1.91;1.82;1.84;1.78;1.7
platinum;552.95;559.13;554.63;522.18;484.9;504.46;469.69;493.67;523.28;532.32
saffron;16.11;18.89;17.89;17.47;15.02;15.22;14.96;14.12;13.65;12.46;12.51
salt;0.01;0.01;0.01;0.01;0.01;0.01;0.01;0.01;0.01;0.01;0.01;0.01
silk;10.13;10.48;10.55;11.45;11.14;10.93;11.61;11.04;11.51;11.03;10.37
silver;4.58;4.31;4.49;4.03;4.17;4.11;3.82;3.92;4.96;5.1
wheat;0.01;0.01;0.01;0.01;0.01;0.01;0.03;0.02;0.01;0.01
Amulet of the Mage;11515.46;12657.51;13226.09
Amulet of the Planes;121062.72;124137.59;128372.4;117442.34;114369.11
Blade of Olympus;1153.67;1252.3;1233.41;1760.3;830.86;1065.6;1311.23
Boots of Striding and Springing;17693.41;13468.69;13448.52
Bottle of Common Wine;1.92;1.12;0.91
Everburning Torch;43.2;18.46
Featherfall Amulet;108.96;112.7
Flask of Eternity;144.45;139.31
Flask of Liquid Courage;56.54;36.71;50.46;53.02
Ghost Fungus (1 shroom);0.79;0.88
Lantern of Flickering Shadows;105.48;130.82;111.32;106.21;82.44;106.4
Moonstone;24.29;45.59;47.28;55.37
Musical Instrument (Accordion);42.86;30.82;26.36;25.65;26.23;27.59
Musical Instrument (Clarinet);79.04
Musical Instrument (Harmonica);2.87;3.3;2.78;4.29
Musical Instrument (Horn);2.69
Musical Instrument (Pan Flute);12.24
Musical Instrument (Piccolo);37.64;49.34
Musical Instrument (Sitar);127.76;173.06;172.22;161.69;66.18;65.32
Musical Instrument (Tambourine);0.81
Potion of Cat Agility;270.4;208.8;215.84;174.97;195.58;161.86;196.61;216.51;121.79
Potion of Endure elements;40.9
Ring of Protection;4324.81;5110.26;5690.67
Rod of Cancellation;25773.6;19049.13
Rod of extend metamagic (lesser);2342.8;2473.07
Satchel of Holding;174.53
Shard of the Stars;255.76;153.76;234.94;347.58;335.88
Veil of Concealment;150.66;181.41;158.57;141.97;151.78
Whispering Amulet;150.52;94.81;93.53;137.1;175.21
White Onyx;47.5;63.67
oil of bless weapon;128.06;54.51;120.82
Alchemist’s supplies;46.26;44.33;45.69;42.92;40.8;49.83;47.79;49.71;51.34
Breastplate;393.14;415.26;426.02;435.0;446.07;479.36;384.93;404.44
Greataxe;31.23;29.19;31.53;31.14;33.13;33.84;35.91;29.97;31.14;32.74
Magnifying glass;100.6;98.97;99.29;105.36;103.38;97.76;97.65;105.08
Arcane Scroll (Detect Undead);27.68;26.83;12.22
Bag of Chestnuts;0.95;0.97;1.32;1.52;1.13;0.81;1.02
Bracers of Defense;9555.36;10981.93;5317.81;7115.08;6989.53;4882.45;5846.64
Buckler;4314.48
Cape of the Mountebank;15003.21;17161.1;19289.84;27567.96;22241.81;26302.17;12894.84;12084.49
Dagger of Venom;8485.05;9079.28;5196.22;5005.76
Gloves of Dexterity;4824.39;4597.41;4514.38;3941.8
Hematite;8.32
Mirror of Reflection;90.38;95.87;120.03;145.47
Musical Instrument (Bagpipes);25.46;19.02;35.1
Musical Instrument (Bassoon);148.79
Musical Instrument (Didgeridoo);28.46;28.01;34.96;39.03
Onyx Goblet;23.89;21.31;26.82
Rod of Absorption;31710.68;35408.2
Staff of Healing (25 of 50 charges);15156.46;11186.99;11692.68;15650.55;8665.2;12841.86;14780.62;17289.27;18239.75
Staff of Power;29567.74;45848.98
Trinket of Elemental Control;149.16;172.42;179.18;133.88;101.75
Yellow Topaz;316.2
Chain mail;63.25;60.59;61.98;74.22;72.47;79.03;79.81;75.04
Shovel;1.97;1.86;1.88;2.0;1.98;2.05;2.18;2.16
Tent, two-person;2.09;1.98;2.05;1.78;1.66;1.66;1.98;1.94
Arcane Scroll;26.49;38.04;24.16;20.54;25.94;20.38;29.79
Ashes of Al'ar;15260.8;15002.34
Mirage Cloak;140.58;114.72;123.04
Musical Instrument (Trumpet);21.11;32.17;21.14
Potion of shield of faith;905.05;814.4
Rod of Flame Extinguishing;15887.77
Small Cask of Tobacco;1.86;1.66;2.4
45 Gallons of ale;7.86;8.83
Amulet of Health (+4);14892.48;13656.75;11135.33;13663.54;12592.44;12446.65
Elixer of Truth;901.93
Elixer of swimming;225.3;257.05;245.59;244.67;305.39;235.39
Enigmatic Puzzle Box;155.45;112.08;105.29;188.74
Feathered Quill of Endless Ink;23.68
Musical Instrument (Cymbals);2.25;2.11;2.1;1.92
Musical Instrument (Drum);2.78;3.34;2.18;2.05;1.98;2.16
Musical Instrument (Xylophone);12.95
Ring of Resilience;10409.67
Satin Robe;223.11;187.47;193.55;287.51;451.04;480.3
Spined Shield;6556.53
Amulet of Vitality;17528.28;11948.04
Bottle of Brandywine;3.19;3.06
Chalice of Dreamweaving;123.77;202.19;99.92
Cursed Coin Purse;45.8
Dancing Flame Lantern;24.01;26.51;32.67;44.51
Goggles of Night;15250.03
Holy Arrow;9.91;7.92
Musical Instrument (Baglamas);18.59
Musical Instrument (Tabla);59.33
Musical Instrument (Triangle);1.29
Potion of Blur;347.7;289.71
Potion of Jump;49.43;50.31
Potion of Mage armor;54.6
Scroll of Fireball;1021.72;1058.81
yellow Quartz;46.99
Bastard Sword;53487.18;48444.46;56468.81
Cloak of Invisibility;56529.84;61629.25;58328.6;61514.62;65590.79;64382.86;88689.01
Crystal Orb of Fortune Telling;64.79;56.11;73.66;62.47;69.23;65.7;62.41
Mask of Illusion;90.26;98.69;104.08;91.54
Musical Instrument (Banjo);33.51;30.74;36.37;40.92;41.63;43.2;48.72
Musical Instrument (Flugelhorn);78.29;65.95
Musical Instrument (Oboe);60.72;52.45
Potion of Invisibility;341.73;351.99;484.64
Ring of Kalecgos;12911.35;13048.84;13542.06
Ring of Keys;2534.4;2067.57;2879.24;3135.57;2314.73
Ring of the Ram (26 of 50 charges);3254.49
Rod of the Viper;12385.91;11103.93
Sack of Apples;4.93;4.98;6.02
Wand of Neutralize Poison;7520.19;7543.58;5629.89;3213.73
Arcane Scroll (sleep);28.91;37.26;34.07
Dust of Disappearance;3173.73;4596.68;5125.67;6396.69;4593.81;2911.3
Echoing Conch Shell;68.11;75.93;64.54;65.52
Musical Instrument (Balalaika);44.76;36.83
Musical Instrument (Flute);2.03
Musical Instrument (Saxophone);95.52;82.82;87.21
Musical Instrument (Ukulele);15.16;14.36;11.75
Potion of Darkvision;294.91
Potion of Giant Strength;302.77
Ring ofsell Turning;89896.49;120454.84;152796.12
Siangham (Small);58358.91;47722.81;49459.03
Wand of Acid Arrow (12 of 50 charges);649.49
Bottle of Fine Wine;6.36;8.77
Crystal Eye Pendant;181.36;187.18;202.97;245.79
Light Catapult;432.83
Mask of Deception;65.8;71.38
Mask of the Veil;85.33;92.56
Musical Instrument (Tuba);208.24
Potion of Cure Light Wounds;52.07;43.77
Potion of Remove Fear;44.4;35.84;43.61;41.92
Rune-etched Gauntlets;173.3;118.99
Saronite Bar;181.1;156.55
Staff of Abjuration (16 of 50 charges);19591.75
Whispering Blade;106.5;71.77
Amulet of Serenity;129.15;104.38;132.12
Celestial Compass;157.24;165.02;136.67
Elixir of Transformation;215.85;131.15
Musical Instrument (Koto);166.21
Red Garnet;132.67;137.32;115.87;111.08
Headband of Intellect (+6);35888.62;29468.02
Jade set of Animal figurines;290.35;159.25
Chalice of Life;277.56;302.96
Musical Instrument (Trombone);44.35;47.67
Wand of Lightning Bolts;18583.7
Mirror of Memory;122.72
Musical Instrument (Concertina);51.84
Musical Instrument (Harp);53.12
Musical Instrument (Lute);39.81
Orb of Timekeeping;56.78