Abacus;1.53;1.6;1.46;1.83;1.72;1.83;1.47;1.33;1.24
Acid (vial);21.53;19.23;20.98;18.17;21.44;20.1;21.37;19.38;19.04;23.18;22.55
Alchemist’s fire (flask);38.47;47.92;47.14;42.99;55.32;44.1;45.75;49.22;45.19;32.39;43.05;43.23
Antitoxin (vial);35.76;36.02;31.62;36.03;36.55;41.05;32.54;34.98;34.72;34.7
Arrows (20);0.6;0.54;0.54;0.58;0.64;0.81;0.59;0.87;0.67;0.56
Backpack;1.36;1.59;1.32;1.34;1.36;1.36;1.04;1.0;1.14;1.73;1.95;1.97
Backpack;1.61;1.59;1.32;1.34;1.36;1.36;1.04;1.0;1.14;1.73;1.95;1.97
Bagpipes;21.65;22.58;23.01;26.2;21.79;28.0;25.33;18.63;23.93;26.28
Ball bearings (bag of 1,000);0.57;0.61;0.67;0.56;0.66;0.64;0.64;0.84;0.7;0.69;0.65
Barrel;1.87;1.62;1.77;1.71;1.59;1.57;1.43;1.29;1.39
Basket;0.29;0.31;0.36;0.31;0.32;0.36;0.27;0.29;0.3;0.25;0.23
Battleaxe;8.94;8.37;9.73;10.77;12.78;7.98;8.99;7.27;8.46;8.2
Bedroll;0.72;0.84;0.7;0.68;0.79;0.9;0.85;0.87;0.66;0.57;0.67;0.61
Bedroll;0.05;0.84;0.7;0.68;0.79;0.9;0.85;0.87;0.66;0.57;0.67;0.61
Bell;0.7;0.69;0.81;0.69;0.63;0.64;0.65;0.55;0.58;0.49;0.61;0.67
Blanket;0.37;0.36;0.38;0.33;0.32;0.28;0.39;0.42;0.33
Block and tackle;0.46;0.57;0.6;0.53;0.43;0.63;0.8;0.82;0.9
Blowgun;7.45;8.0;5.73;7.36;8.62;7.54;6.77;8.97;7.25;8.19
Blowgun Needles (50);0.73;0.7;0.82;0.78;0.82;0.71;0.72;0.71;0.76;0.73;0.78;0.75
Book;17.55;16.97;21.03;18.81;23.85;22.14;19.66;18.59;15.71;17.66;16.14
Bottle, glass;1.53;1.35;1.29;1.24;1.08;1.33;1.27;1.17;1.08;1.13;1.04
Brewer’s supplies;15.98;14.53;15.75;16.02;13.67;13.38;12.85;13.74;12.17
Bucket;0.01;0.01;0.01;0.03;0.03;0.02;0.03;0.03
Calligrapher's Supplies;7.36;7.65;7.24;7.55;7.63;8.45;11.62;8.17
Caltrops (bag of 20);0.84;0.95;0.88;0.68;0.79;0.75;0.83;0.59;0.76;0.63;0.7
Candle;0.01;0.01;0.01;0.01;0.01;0.01;0.01;0.03;0.02;0.02
Carpenter’s tools;6.68;6.23;6.42;6.27;4.66;7.82;5.01;7.63;8.64;6.02
Cartographer’s tools;12.98;13.64;11.83;10.9;11.04;10.83;10.6;11.57;12.17;11.11
Case, crossbow bolt;0.79;0.72;0.86;0.77;0.82;0.73;0.69;0.72;0.85;0.68
Case, map or scroll;0.64;0.57;0.74;0.72;0.61;0.67;0.77;0.74;0.63;0.87;0.67
Chain (10 feet);2.99;2.54;3.52;3.02;2.54;4.2;2.88;3.49;3.65;3.63
Chain shirt;35.82;25.71;28.37;30.68;22.95;39.28;34.25;34.47;43.14;37.68;39.74
Chalk (1 piece);0.01;0.01;0.01;0.01;0.01;0.01;0.01;0.01;0.0;0.0
Chest;4.13;3.35;3.2;3.37;2.98;2.8;2.76;2.41;3.05;2.63;1.89;2.53
Clothes, Common;0.32;0.31;0.31;0.4;0.43;0.4;0.34;0.33;0.34;0.35
Clothes, costume;3.96;3.93;4.56;3.46;3.1;4.07;4.39;3.52;3.44;3.81;3.77
Clothes, fine;12.12;11.75;12.31;9.51;10.41;10.71;11.66;10.61;9.35;11.68;8.96
Clothes, traveler’s;0.99;1.21;1.1;1.13;0.94;1.09;1.08;1.1;1.03;1.1;0.81
Club;0.06;0.04;0.04;0.03;0.03;0.02;0.01;0.01;0.01;0.01;0.01;0.0
Cobbler’s tools;2.72;3.38;2.67;2.61;2.33;3.9;3.24;3.51;4.21;4.11
Component pouch;23.43;25.06;20.19;21.2;21.71;24.19;17.36;18.61;19.14;20.29;23.03
Cooking Pot;1.5;1.69;1.27;1.54;1.35;1.26;1.74;1.3;1.28;1.33
Cook’s utensils;0.86;0.64;0.71;0.81;0.7;0.55;0.67;0.64;0.7;0.76;0.69
Crossbow bolts (20);0.73;0.82;0.75;0.81;0.84;0.87;0.89;0.71;0.81;0.74;0.87
Crossbow, hand;54.67;42.23;51.94;61.58;48.09;52.86;54.07;62.07;49.04;49.26;65.56
Crossbow, heavy;37.39;36.91;40.71;47.97;43.91;38.46;41.65;45.4;30.85;36.4;45.96
Crossbow, light;19.6;22.63;20.21;16.63;18.66;24.17;18.41;18.17;15.92
Crowbar;1.25;1.05;1.11;1.59;1.87;1.46;1.79;1.54;1.66
Dagger;1.44;1.05;1.5;1.39;1.42;1.49;1.56;1.75;1.44;1.4;1.66
Dart;0.01;0.01;0.01;0.01;0.01;0.01;0.01;0.01;0.0;0.0;0.03
Dice set;0.04;0.04;0.03;0.03;0.02;0.03;0.07;0.07;0.08;0.05
Drum;4.85;3.87;4.04;4.11;4.28;4.79;3.5;4.18
Dulcimer;20.07;19.32;21.75;21.85;20.78;22.42;18.53;17.49;16.14;18.11
Fishing Rod;0.87;0.86;0.75;0.68;0.66;0.63;0.63;0.75;0.65
Fishing tackle;0.84;0.77;0.84;0.88;0.94;0.96;0.73;0.94;0.87;1.01;0.92
Flail;4.93;5.73;6.01;7.5;7.2;6.4;6.19;8.32;7.01;6.81
Flask or Tankard;0.01;0.01;0.01;0.01;0.01;0.01;0.01;0.0;0.0;0.0
Flute;1.38;1.34;1.7;1.41;1.42;0.78;1.58;0.85;1.68;1.55;0.62;1.66;0.7;1.43;0.72
Glaive;12.82;14.72;16.87;13.05;14.34;14.42;11.35;14.45;14.28
Glassblower’s tools;18.08;19.96;21.17;19.25;17.54;23.92;17.01
Grappling hook;1.1;1.09;1.18;1.02;1.07;1.7;1.49;1.35;1.26;1.58;1.25
Greatclub;0.13;0.16;0.12;0.12;0.13;0.11;0.11;0.14;0.11;0.15
Greatsword;36.19;44.11;48.59;35.38;40.42;42.12;43.3;42.16;43.63;36.73;46.81
Halberd;17.41;15.75;15.71;18.73;15.72;18.73;18.85;21.23;12.47;14.55
Half plate;596.02;742.4;719.0;606.55;567.13;679.07;731.71;676.26;512.86;470.23
Hammer;0.81;0.55;0.68;0.71;0.56;0.73;0.82;0.58;0.67;0.76
Hammer and Nails;0.39;0.35;0.43;0.38;0.42;0.38;0.34;0.34;0.37;0.33;0.35;0.34
Hammer, sledge;1.25;1.53;1.41;1.44;1.68;1.53;1.53;1.54
Handaxe;3.58;3.1;3.48;3.63;4.58;3.48;3.79;4.19;3.59;5.14;4.97;4.25
Healing Potion;41.67;31.88;40.88;35.89;26.17;29.02;22.78;24.84;36.68;38.36
Hide;5.92;5.81;6.85;7.44;6.48;5.76;6.11;6.09;5.72;5.23;4.54;6.49
Holy Water (flask);16.64;17.23;14.87;17.84;18.81;20.25;23.59;23.28;22.49
Horn;1.92;1.84;1.39;2.04;2.56;2.11;2.05;2.34;2.21;2.23;1.66;1.73
Hourglass;10.59;12.29;15.94;15.73;18.81;17.16;19.03;14.94;16.11;14.78;18.67
Hunting trap;4.01;4.26;3.91;4.13;3.52;4.24;3.83
Ink (1 ounce bottle);6.43;6.06;8.82;8.4;5.46;7.09;8.43;8.16;6.99;7.53
Ink and Quill;0.01;0.01;0.01;0.01;0.01;0.01;0.01;0.01;0.0;0.0;0.0;0.0
Ink pen;0.01;0.01;0.01;0.01;0.01;0.01;0.01;0.01;0.0;0.01;0.01
Javelin;0.3;0.34;0.29;0.3;0.27;0.29;0.39;0.4;0.4;0.38
Jeweler’s tools;18.76;14.36;17.36;19.04;18.49;12.95;14.5;19.11;24.06;20.83;20.33
Jug or Pitcher;0.01;0.01;0.01;0.01;0.01;0.01;0.01;0.01;0.01;0.01
Kit, climber’s;17.32;16.0;18.81;18.95;18.93;17.05;17.38;17.98;16.28;16.79;19.42;16.22
Kit, disguise;18.64;16.89;20.93;17.86;16.67;18.45;18.06;16.33;19.06;15.62;15.99
Kit, forgery;12.22;9.24;10.09;10.6;11.87;11.69;13.11;12.46;10.47;9.85
Kit, healer’s;2.4;2.33;2.78;2.35;2.17;2.38;2.45;2.95;3.81;3.67;3.66
Kit, herbalism;4.19;2.73;3.4;3.49;4.07;3.46;4.42;2.92;2.67;2.9
Kit, mess;0.13;0.11;0.09;0.1;0.11;0.14;0.13;0.14
Kit, poisoner’s;34.09;29.51;30.53;29.96;40.01;31.98;34.88;39.38;37.06;47.3
Ladder (10-foot);0.02;0.01;0.01;0.01;0.01;0.01;0.07;0.05;0.05;0.06;0.03
Lamp;0.3;0.34;0.44;0.33;0.33;0.35;0.37;0.3;0.29;0.31;0.37
Lance;7.06;8.65;7.17;7.95;6.83;6.67;8.09;6.95;8.1;7.15;7.22
Lantern;3.92;4.6;4.83;4.08;5.14;5.4;4.07;4.31;3.76;3.44
Lantern Oil;0.06;0.08;0.07;0.06;0.05;0.05;0.05;0.04;0.03;0.02;0.02;0.01
Lantern, bullseye;6.57;9.26;8.49;9.31;8.97;7.2;6.78;7.73;7.61;6.9;7.17
Lantern, hooded;4.67;4.03;3.57;4.13;4.11;3.41;3.54;3.7;3.75;3.49;4.9
Leather;7.49;7.53;9.26;9.78;8.49;11.66;9.72;7.91;7.5;7.76;6.22
Leatherworker’s tools;2.99;2.51;3.42;3.45;3.1;2.84;4.63;4.97;4.44;4.32;4.08
Light Hammer;1.08;1.13;1.28;1.39;1.41;1.39;1.68;1.55
Lock;5.38;5.27;5.18;5.45;7.67;7.59;7.87;7.47;7.01;6.6
Lockpicks;18.79;14.35;16.9;17.07;16.53;13.22;14.56;13.01;9.81;10.77;13.63;11.13
Longbow;42.55;29.79;31.5;29.92;28.58;30.16;31.78;31.2;30.79;34.33;35.35
Longsword;9.36;8.46;9.35;9.36;10.2;12.56;11.6;10.64
Lute;27.15;31.48;27.59;25.69;24.42;25.84;22.54;24.41;26.33;25.39
Lyre;16.89;20.05;21.84;24.85;24.76;27.55;17.87;21.72;20.66
Mace;3.49;3.33;3.98;3.61;3.21;3.52;3.32;4.37;3.54;3.75
Manacles;1.52;1.28;1.36;1.47;1.47;1.44;1.19;1.27;1.32
Map of the Region;5.95;9.22;6.81;8.48;6.93;9.11;7.46;7.62;7.34;5.84;6.98
Mason’s tools;4.98;8.84;7.2;8.61;10.99;9.05;9.61;8.58;9.86;9.97;8.8
Maul;6.83;6.76;6.68;7.95;7.83;6.19;5.85;6.91;7.35;7.2
Mirror, steel;2.13;2.59;2.12;3.02;3.19;3.48;3.52;4.14;3.94
Morningstar;11.33;10.63;13.39;10.49;8.55;10.94;12.28;11.46;9.11;9.18
Navigator’s tools;19.59;17.58;19.2;16.91;21.01;18.52;17.13;21.32;21.98;17.5;18.04
Net;0.81;0.86;0.66;0.64;0.51;0.59;0.63;0.57;0.34;0.42;0.44;0.48
Oil (flask);0.01;0.01;0.01;0.01;0.01;0.01;0.01;0.01;0.0;0.0;0.0;0.0
Padded;3.64;4.85;4.01;3.95;4.64;3.52;4.64;4.56;4.11;4.5;5.42;3.93
Painter’s supplies;6.65;7.27;7.46;7.59;7.35;6.77;7.54;6.39;6.96;8.69
Pan flute;9.29;9.96;9.66;9.67;8.72;10.89;10.66;10.42;11.11
Paper (one sheet);0.05;0.07;0.06;0.06;0.06;0.04;0.05;0.04;0.04;0.02;0.02;0.02
Parchment (one sheet);0.05;0.03;0.02;0.01;0.01;0.01;0.01;0.01;0.0;0.0;0.0;0.0
Perfume (vial);3.35;3.34;3.9;3.24;3.16;4.12;3.7;4.14;4.23;3.95;3.98
Pick, miner’s;1.35;1.44;1.1;1.36;1.33;1.09;1.38;1.32;1.73;1.78;1.72
Pike;3.12;3.81;3.64;3.81;4.19;4.13;4.07;3.88;3.32;4.23
Piton;0.01;0.01;0.01;0.01;0.01;0.01;0.01;0.03;0.02;0.02
Plate;852.58;1087.82;1150.04;1316.7;1170.44;1155.72;1377.48;1150.83;1182.74;1107.56
Playing card set;0.36;0.33;0.33;0.34;0.31;0.31;0.31;0.33;0.33;0.25;0.26;0.27
Poison, basic (vial);84.41;81.34;61.96;71.96;69.0;68.03;82.09;68.6;54.95;65.08
Pole (10-foot);0.02;0.02;0.01;0.01;0.01;0.01;0.03;0.03;0.03;0.03;0.02
Pot, iron;1.14;1.44;1.82;1.72;1.57;1.49;1.37;1.29;1.32;1.25
Potion of Healing;34.19;24.63;25.65;28.11;29.6;34.59;30.5;43.21;48.25;64.03;39.64;36.88
Potter’s tools;10.04;7.24;8.96;9.04;7.97;8.48;7.82;7.05;9.88;5.73
Pouch;0.43;0.44;0.3;0.42;0.39;0.28;0.37;0.4;0.37;0.39;0.43
Quarterstaff;0.07;0.18;0.19;0.17;0.13;0.14;0.18;0.17;0.15
Quiver;0.41;0.45;0.34;0.37;0.38;0.29;0.27;0.32;0.32;0.41;0.3
Ram, portable;2.77;4.21;4.07;4.34;4.2;3.05;2.7;2.68;2.8
Rapier;18.03;20.37;18.29;16.03;18.57;15.06;17.07;16.09;15.9;17.21;19.82;16.68
Rations (1 day);0.41;0.39;0.3;0.37;0.33;0.39;0.43;0.4;0.4;0.39
Ring mail;23.2;23.11;15.16;19.79;21.41;19.99;18.29;21.04;18.21;22.15;21.38
Robes;0.73;0.95;0.82;0.79;0.92;0.9;0.75;0.83;0.91;0.92;1.03;1.05
Rope, 50 feet;0.8;0.8;0.66;0.71;0.66;0.69;0.79;0.73;0.67;0.74
Rope, hempen (50 feet);0.36;0.74;0.73;0.68;0.74;0.84;0.7;0.66;0.62;0.58
Rope, silk (50 feet);8.07;7.19;6.75;7.16;6.99;6.88;7.08;8.02;6.6;6.4;7.85;6.27
Sack;0.01;0.01;0.01;0.01;0.01;0.01;0.01;0.01;0.0
Saddlebags;2.5;2.41;2.36;2.41;2.56;2.42;2.67;3.23;2.7;2.55;2.58;2.6
Scale mail;46.47;37.9;42.44;39.65;39.82;31.4;32.14;37.93;37.76;29.24;41.1
Scale, merchant’s;4.44;3.88;4.55;3.65;3.76;4.33;4.46;3.96;5.04;4.06;5.8
Scimitar;18.93;21.43;22.0;20.42;25.37;20.57;20.73;15.12;16.88;21.22
Sealing wax;0.3;0.29;0.33;0.32;0.26;0.32;0.38;0.36;0.36;0.46;0.31
Shawm;1.45;1.66;1.39;1.73;1.53;1.63;1.6;1.45;1.29;1.58
Shield;8.26;6.56;7.28;7.3;7.73;6.73;7.83;6.68;8.02;8.23;7.29
Shortbow;15.25;16.49;21.04;17.88;18.28;19.66;18.1;24.2;19.71;13.61
Shortsword;6.54;6.98;9.43;8.82;7.46;6.78;6.2;6.93;4.7;5.57
Sickle;0.79;0.69;0.76;0.73;0.81;0.74;0.72;0.83;0.84;1.01
Signal whistle;0.01;0.01;0.04;0.03;0.03;0.02;0.02;0.02;0.03;0.04
Signet ring;3.29;3.11;4.24;3.23;3.95;3.58;3.72;2.85;2.77;2.94;2.83
Sling;0.06;0.08;0.06;0.06;0.06;0.05;0.05;0.05;0.06;0.06;0.07
Sling bullets (20);0.02;0.02;0.02;0.01;0.01;0.03;0.01;0.03;0.03;0.02
Smith’s tools;24.5;25.31;23.16;19.78;23.47;20.62;20.25;20.49;18.12;21.57;24.38;17.34
Soap;0.01;0.01;0.01;0.01;0.01;0.01;0.01;0.0;0.0;0.0;0.0
Spear;0.86;0.83;0.69;0.81;0.9;0.79;0.79;0.83;0.83;1.03;0.9;0.83
Spellbook;33.65;30.12;31.28;41.7;34.86;42.23;40.99;45.22;38.28;38.98
Spikes, iron (10);0.7;0.62;0.75;0.66;0.8;0.86;0.78;0.65;0.7;0.92
Splint;149.56;180.98;165.89;138.0;163.56;163.83;154.09;149.54;119.98;131.24
Spyglass;629.01;590.89;552.69;733.31;634.65;677.42;411.15;671.47;725.48;682.92;702.44
Studded leather;36.71;38.15;39.22;31.98;40.45;39.6;44.49;30.15;44.51;45.99;35.28;39.16
Tents;7.39;7.94;7.75;7.21;6.82;6.09;6.88;7.59;6.09;5.52;8.14
Thieves’ tools;18.25;18.74;18.69;22.11;20.49;22.37;21.33;24.13;21.21;18.09;16.22
Tinderbox;0.38;0.3;0.44;0.35;0.37;0.42;0.38;0.36;0.38
Tinker’s tools;46.57;41.39;38.2;37.34;29.95;33.65;36.14;35.61;35.0;33.44;28.4;31.39
Torch;0.01;0.01;0.01;0.01;0.01;0.01;0.01;0.01;0.0;0.0;0.0
Trail Rations;0.35;0.41;0.3;0.35;0.44;0.37;0.32;0.33;0.36;0.33;0.27
Traveler's Clothes;0.79;0.75;0.63;0.84;0.73;0.72;0.75;0.78;0.79;0.63
Traveler's Rations;0.71;0.62;1.0;0.77;0.6;0.57;0.63;0.83;0.73;0.77
Trident;4.12;4.17;3.99;4.12;3.28;4.34;4.73;3.77;3.2;3.44
Vial;0.71;0.62;0.87;0.83;0.7;0.49;0.53;0.75;0.68;0.56
Viol;15.28;17.54;18.05;15.66;15.08;14.82;17.99;19.03;21.57;17.88;22.99
War Pick;3.76;3.97;3.79;2.86;3.22;2.79;3.69;3.84;2.74
Warhammer;16.01;13.01;13.07;15.54;11.75;10.43;11.98;8.65;8.19
Waterskin;1.29;1.37;1.43;1.63;1.45;1.76;1.61;1.52;1.63;1.42;0.15
Weaver’s tools;0.7;0.77;0.79;0.69;0.93;0.86;0.9;0.68;0.67;0.85
Whetstone;0.01;0.01;0.01;0.01;0.01;0.03;0.04;0.03;0.03;0.02
Whip;1.56;1.41;1.69;1.67;1.07;1.23;1.29;1.16;1.68;1.54;1.61;1.25
Woodcarver’s tools;0.68;0.61;0.54;0.64;0.67;0.85;0.93;0.81;0.81;0.75;0.64
canvas;0.01;0.02;0.07;0.09;0.07;0.07;0.07;0.08;0.08
cinnamon;1.2;1.23;1.09;1.3;1.3;1.51;1.27;1.35;1.66
cloves;2.3;1.68;1.82;2.0;1.55;2.02;1.9;1.98;1.98;1.94;1.52
copper;0.31;0.36;0.34;0.34;0.32;0.35;0.28;0.4;0.37
cotton cloth;0.32;0.26;0.32;0.3;0.29;0.34;0.37;0.4
flour;0.01;0.01;0.01;0.01;0.01;0.03;0.02;0.01;0.0
ginger;0.63;0.58;0.53;0.54;0.58;0.77;0.87;0.76;0.65;0.58;0.64
gold;34.23;34.49;37.51;38.29;36.72;43.95;38.74;33.57;40.97;30.98
iron;0.01;0.01;0.01;0.01;0.01;0.01;0.01;0.01;0.0;0.0;0.0;0.0
linen;4.92;5.0;5.18;4.42;4.03;4.16;3.37;3.65
one baby chicken;0.01;0.01;0.01;0.01;0.01;0.01;0.01;0.0;0.0;0.0;0.0
one baby cow;9.15;10.46;10.33;9.21;12.23;8.23;8.82;10.27;10.54;11.63;11.49
one baby goat;0.65;0.7;0.7;0.68;0.73;0.64;0.62;0.59;0.69;0.73
one baby ox;8.49;13.67;12.11;11.58;11.39;10.94;10.03;10.22;12.52;11.27;13.73;15.27
one baby pig;1.9;2.23;2.37;2.6;2.26;2.67;2.32;2.35;2.63;2.55
one baby sheep;1.3;1.34;1.26;1.27;1.02;1.45;1.62;1.55;1.56
pepper;1.68;1.38;1.82;1.53;1.58;1.34;1.37;1.28;1.36;1.58
platinum;348.65;459.88;440.49;358.77;354.18;459.24;324.29;367.86
saffron;8.15;14.06;10.23;10.76;11.11;11.99;11.86;9.56;11.57;9.42;9.45
salt;0.01;0.01;0.01;0.01;0.01;0.01;0.01;0.01;0.0;0.0;0.0;0.0
silk;6.66;8.96;8.32;9.97;7.83;7.63;9.43;9.14;7.71;9.27;7.74
silver;3.24;3.27;3.16;3.29;2.8;3.39;2.76;2.7;3.07
wheat;0.01;0.01;0.01;0.01;0.01;0.01;0.03;0.02;0.01;0.01
Amulet of the Mage;7534.71;10201.73;10433.03;10037.27
Amulet of the Planes;84086.16;99641.82;102322.93;78474.12;95777.63
Blade of Olympus;798.31;952.59;930.64;1366.83;596.09
Boots of Striding and Springing;12168.81;10505.83
Bottle of Common Wine;1.58;0.83;0.53
Everburning Torch;29.41;12.61
Featherfall Amulet;85.57
Flask of Eternity;99.7;85.25
Flask of Liquid Courage;48.63;30.52;37.57;44.17
Ghost Fungus (1 shroom);0.6;0.68;0.7
Lantern of Flickering Shadows;76.92;109.51;80.74;79.01;64.07
Moonstone;20.98;33.78;34.46;54.64
Musical Instrument (Accordion);38.3;23.98;17.88;19.9;20.07;10.9
Musical Instrument (Clarinet);60.65;26.16;20.77
Musical Instrument (Harmonica);1.84;2.03;2.13;3.55
Musical Instrument (Horn);2.0
Musical Instrument (Pan Flute);9.54;7.82
Musical Instrument (Piccolo);28.25;34.01
Musical Instrument (Sitar);76.45;134.54;126.13;88.3
Musical Instrument (Tambourine);0.5;0.78;0.7
Potion of Cat Agility;223.32;182.95;131.33;124.11;151.67;122.48;140.32
Potion of Endure elements;28.59
Ring of Protection;3049.6;4462.3;4626.68
Rod of Cancellation;18101.4;11656.36
Rod of extend metamagic (lesser);1744.31;1776.15;1501.74
Satchel of Holding;134.52
Shard of the Stars;230.25;104.19;202.84
Veil of Concealment;90.64;139.18;89.91;113.92;103.08
Whispering Amulet;112.25;72.53;57.23;107.76;146.56
White Onyx;39.45;39.21
oil of bless weapon;100.47;39.44
Alchemist’s supplies;29.33;29.39;25.97;33.59;31.38;35.13;38.21;23.9;29.48
Breastplate;287.67;307.3;271.23;335.19;295.0;314.81;359.08
Greataxe;22.85;21.5;24.11;21.82;26.13;25.47;26.22;22.17;19.94
Magnifying glass;77.49;76.8;68.5;62.03;84.18;69.27;72.59
Arcane Scroll (Detect Undead);15.1;18.0;18.37
Bag of Chestnuts;0.75;0.8;0.94;1.2;0.8;0.74;0.72;0.89
Bracers of Defense;6629.15;8357.58;4157.73;5420.91;5792.91;5776.57
Buckler;3247.27
Cape of the Mountebank;12214.03;13960.6;16115.13;21041.73;17241.2;20183.58;7835.68;7809.56;12519.34
Dagger of Venom;7389.07;6688.17;3641.06;3988.09
Gloves of Dexterity;3606.34;3839.07;3819.87;3195.87
Hematite;6.54
Mirror of Reflection;63.87;70.51;93.74;111.4;56.02
Musical Instrument (Bagpipes);16.23;13.93;25.03;20.54
Musical Instrument (Bassoon);129.22
Musical Instrument (Didgeridoo);20.66;20.06;24.65;23.8
Onyx Goblet;15.39;16.07;22.31;32.89;37.12
Rod of Absorption;21649.0;21105.72;21071.79
Staff of Healing (25 of 50 charges);10178.23;7700.49;7541.96;10461.1;5401.8;10234.36;10367.05;12676.47;13671.44
Staff of Power;23568.48;35530.24;56010.62
Trinket of Elemental Control;112.7;127.35;157.43;105.04;63.38
Yellow Topaz;224.3
Chain mail;48.31;46.25;45.28;56.54;55.12;66.09;57.24;54.56
Shovel;1.65;1.19;1.39;1.42;1.15;1.49;1.36;1.77
Tent, two-person;1.42;1.45;1.64;1.31;1.39;1.42;1.35;1.47
Arcane Scroll;20.6;27.83;18.64;13.75;21.39;17.51
Ashes of Al'ar;11951.7;10524.96
Mirage Cloak;113.38;90.95;83.48;133.97
Musical Instrument (Trumpet);15.84;27.99;17.18
Potion of shield of faith;666.77;625.24;733.65
Rod of Flame Extinguishing;11660.38
Small Cask of Tobacco;1.21;1.26;1.11
45 Gallons of ale;4.93;6.55;7.28
Amulet of Health (+4);12157.05;10726.87;8090.5;9998.38;11099.7;10712.17;10584.35
Elixer of Truth;720.88
Elixer of swimming;165.08;195.82;183.03;220.68;191.56;226.64
Enigmatic Puzzle Box;117.06;97.12;89.67
Feathered Quill of Endless Ink;14.12
Musical Instrument (Cymbals);1.71;1.37;1.84;1.42
Musical Instrument (Drum);1.93;2.4;1.57;1.58;1.97;1.44
Musical Instrument (Xylophone);9.42
Ring of Resilience;8050.0
Satin Robe;208.07;157.85;152.81;241.17;338.04;184.11
Spined Shield;4649.23
Amulet of Vitality;14000.96;7932.5
Bottle of Brandywine;2.33;2.33
Chalice of Dreamweaving;85.81;179.06
Cursed Coin Purse;38.04
Dancing Flame Lantern;17.93;18.97;24.46;29.27
Goggles of Night;13507.89
Holy Arrow;7.25;5.7
Musical Instrument (Baglamas);11.97
Musical Instrument (Tabla);56.41
Musical Instrument (Triangle);1.05
Potion of Blur;263.58
Potion of Jump;30.8;36.53;29.0
Potion of Mage armor;38.88;43.83;47.49
Scroll of Fireball;742.54;851.76;790.47;612.73
yellow Quartz;35.2;22.33
Bastard Sword;37858.67;35729.67;41732.98
Cloak of Invisibility;41836.95;46107.75;50594.09;46986.65;47939.99
Crystal Orb of Fortune Telling;48.97;42.06;52.98;40.0;40.09;48.15
Mask of Illusion;64.09;74.38;72.98;75.61;46.54
Musical Instrument (Banjo);27.38;24.52;30.06;25.68;25.44
Musical Instrument (Flugelhorn);46.76;54.18
Musical Instrument (Oboe);40.39
Potion of Invisibility;275.62;240.11;392.4
Ring of Kalecgos;10313.72
Ring of Keys;2209.98;1457.39;2134.92;2112.87;1584.07;933.06;1255.46
Ring of the Ram (26 of 50 charges);2245.07
Rod of the Viper;8330.24;8877.24
Sack of Apples;4.19
Wand of Neutralize Poison;4629.12;6044.72;4568.4
Arcane Scroll (sleep);23.48;31.48;22.31;29.95
Dust of Disappearance;2123.4;3516.25;3997.11;4246.14
Echoing Conch Shell;46.05;55.77;46.32;50.18
Musical Instrument (Balalaika);33.87
Musical Instrument (Flute);1.58;1.83
Musical Instrument (Saxophone);68.61;56.89;73.61
Musical Instrument (Ukulele);11.05;11.14;8.94
Potion of Darkvision;217.28;176.31
Potion of Giant Strength;236.83
Ring ofsell Turning;66399.36;94379.12;133579.78;98181.36
Siangham (Small);36986.81;38936.15
Wand of Acid Arrow (12 of 50 charges);463.11;659.06;676.49
Bottle of Fine Wine;3.15
Crystal Eye Pendant;140.94;151.08;111.44;226.82
Light Catapult;336.75;270.17
Mask of Deception;47.74;59.74
Mask of the Veil;64.94
Musical Instrument (Tuba);176.85;147.4;188.02
Potion of Cure Light Wounds;36.87
Potion of Remove Fear;35.68;24.58;31.14
Rune-etched Gauntlets;107.32;87.67
Saronite Bar;142.11;116.32
Staff of Abjuration (16 of 50 charges);15171.2
Whispering Blade;76.58;53.79
Amulet of Serenity;93.44;76.77
Celestial Compass;120.68;111.87
Elixir of Transformation;141.01;185.53
Musical Instrument (Koto);125.15
Red Garnet;101.68;106.15
Headband of Intellect (+6);22317.55;40443.88;40971.59
Jade set of Animal figurines;221.82;157.77;151.26
Arcane Scroll (Invisibility);123.21
Azurite;8.61
Blue Diamond;4038.1;3691.39
Echo Stone;51.53;45.89
Large Iron Box;1.21
Musical Instrument (Concertina);40.43
Musical Instrument (Trombone);40.12;46.51
Staff of Size Alteration;11318.63;13549.11
Armor Potion (Standard);56.15
Harmonic Harp;83.15
Lens of Truth;53.89
Manual of Gainful Exercise (+1);13976.8
Musical Instrument (Violin);26.47
Potion of Flying;742.92