Abacus;1.9;1.95;2.03;2.16;2.08;2.07;2.13;1.99;1.96;2.03;2.06;2.17;2.27;2.31
Acid (vial);27.32;26.57;28.75;28.61;28.42;28.7;28.01;29.45;29.69;29.92;29.97;30.52;28.79;26.09;25.77;25.97
Alchemist’s fire (flask);50.52;52.08;54.07;55.43;57.35;56.22;53.39;53.55;58.37;54.15;55.02;56.8;60.15;60.82
Alchemist’s supplies;48.03;46.5;45.58;47.4;45.4;44.22;42.28;40.12;40.93;47.39;45.83;44.24;42.2;39.54
Antitoxin (vial);55.09;54.65;57.01;58.46;61.02;64.23;68.13;68.74;66.47;65.91;70.54;66.16;49.88;50.29;51.34
Arrows (20);1.01;1.02;0.97;1.01;0.98;0.99;1.03;1.08;0.95;1.0;0.94;0.91;0.89;0.78;0.74
Backpack;1.99;2.14;2.17;2.2;2.21;2.29;2.46;2.4;2.49;2.41;2.19;2.22;2.29;2.28;1.91
Backpack;2.04;2.14;2.17;2.2;2.21;2.29;2.46;2.4;2.49;2.41;2.19;2.22;2.29;2.28;1.91
Bagpipes;32.46;31.71;33.05;30.65;30.05;31.23;28.54;29.98;34.65;28.94;30.66;31.99;31.78;31.83
Ball bearings (bag of 1,000);0.97;0.95;0.97;0.92;1.05;1.02;1.01;1.03;1.01;0.98;0.93;0.93;0.88;0.89
Barrel;2.06;2.02;2.11;2.13;2.03;1.96;2.02;2.04;2.12;2.01;2.15;2.15;2.24;2.3;2.27
Basket;0.37;0.35;0.35;0.39;0.42;0.38;0.41;0.41;0.44;0.46;0.45;0.45;0.51;0.46;0.45
Bedroll;0.1;1.1;1.06;1.08;1.06;1.03;1.18;0.97;0.88;0.86;0.89;0.94;0.85;0.87
Bell;0.94;0.95;1.11;1.07;1.07;1.12;1.14;1.08;1.16;1.1;1.16;1.14;1.08;1.01
Blanket;0.54;0.51;0.52;0.54;0.53;0.51;0.5;0.48;0.51;0.5;0.5
Block and tackle;1.01;1.07;0.97;0.98;0.99;0.95;1.0;0.9;0.96;0.92;0.85;0.84;0.78;0.75;0.71;0.71
Blowgun;10.28;11.48;11.04;10.81;10.99;10.73;11.67;11.53;11.47;12.03;11.72;10.94;10.54;9.41
Blowgun Needles (50);1.06;0.93;0.9;0.92;0.92;0.92;0.92;0.92;1.04;0.98;0.93;0.83;0.98
Bottle, glass;2.07;2.01;1.91;1.82;1.87;2.03;2.19;2.1;2.03;2.05;2.02;1.99;2.07;2.06;1.98;1.9
Brewer’s supplies;20.12;19.48;21.49;20.6;20.27;19.08;21.06;21.63;22.53;21.53;20.68;20.28;19.2;18.73
Bucket;0.05;0.05;0.04;0.04;0.04;0.03;0.03;0.03;0.02;0.02;0.04;0.04;0.04;0.03;0.02
Caltrops (bag of 20);0.99;0.97;0.99;0.95;0.82;0.88;0.95;0.96;0.99;1.02;1.12;1.12;1.13;1.19;1.09;1.07
Candle;0.01;0.01;0.01;0.01;0.01;0.01;0.01;0.01;0.01;0.01;0.01;0.01;0.01;0.01;0.01
Carpenter’s tools;8.31;8.81;9.28;9.84;9.33;8.25;8.62;8.99;9.08;9.28;9.17;8.4;8.21;8.59
Cartographer’s tools;15.36;15.87;15.09;14.17;12.48;12.43;13.38;12.42;15.66;15.16;16.69;16.85;16.74;16.43
Chain (10 feet);4.78;4.51;4.8;5.25;5.42;5.26;5.16;4.98;5.01;4.91;4.73;4.89;4.93;4.46;4.26
Chain mail;77.54;72.71;73.75;67.62;63.18;65.73;65.11;61.06;63.84;66.7;61.25;59.8;56.49;53.65
Chalk (1 piece);0.01;0.01;0.01;0.01;0.01;0.01;0.01;0.01;0.01;0.01;0.01;0.01;0.01
Chest;4.52;4.27;4.09;4.17;3.96;3.94;3.83;3.96;4.27;4.21;4.81;5.11;4.83;5.19;5.15
Clothes, Common;0.49;0.46;0.43;0.52;0.54;0.54;0.5;0.52;0.46;0.45;0.45;0.45;0.46;0.51;0.51
Clothes, costume;4.81;5.0;5.56;5.54;5.43;5.52;5.25;4.36;4.33;4.29;4.1;4.37;4.38;4.48;4.57;4.94
Clothes, fine;14.35;14.62;14.27;13.51;15.02;14.64;14.88;14.79;14.86;15.75;17.52;18.22;17.19;16.78;16.48
Clothes, traveler’s;2.04;1.97;1.86;1.98;1.78;1.97;1.91;1.9;1.74;1.61;1.63;1.66;1.57;1.56;1.56
Club;0.1;0.1;0.09;0.08;0.08;0.08;0.08;0.08;0.08;0.1;0.09;0.08;0.07
Cobbler’s tools;4.59;4.51;4.27;4.23;5.17;5.15;5.13;5.04;4.79;4.65;4.12;3.87;3.87
Component pouch;24.32;24.06;23.87;22.72;24.76;23.59;24.81;23.58;23.37;22.99;24.94;25.06;24.78;26.66
Cooking Pot;1.88;1.79;1.82;1.94;1.93;1.89;1.9;1.86;1.86;1.93;1.91;1.98;2.05;2.05;2.02;2.06
Cook’s utensils;1.0;0.98;0.98;1.0;1.01;0.96;0.96;0.93;0.9;1.02;1.01;1.05;1.01;0.98
Crossbow bolts (20);0.97;0.97;0.96;0.89;0.93;0.94;0.98;0.99;0.99;1.04;1.1;1.06;1.08;1.09
Crossbow, hand;81.5;86.33;86.44;82.79;83.1;84.99;85.57;85.85;88.94;87.4;96.53;103.55;118.36;74.02;68.38
Crossbow, heavy;53.82;51.49;52.08;58.02;56.85;58.35;57.82;58.75;58.43;47.64;46.33;46.62;45.72
Crossbow, light;25.53;26.55;27.32;25.87;25.51;25.45;25.26;25.62;28.26;28.54;28.37;27.16;28.45;29.64;29.85;28.33
Crowbar;1.77;1.82;1.79;1.75;1.47;1.52;1.6;1.62;1.66;1.52;1.51;1.61;1.6;1.71;1.72;1.68
Dagger;2.0;2.03;1.95;1.96;1.97;1.84;1.96;2.07;1.96;1.95;2.0;1.86
Dart;0.05;0.04;0.04;0.04;0.03;0.02;0.01;0.01;0.01;0.01;0.01;0.01;0.01;0.01;0.01;0.01
Dice set;0.1;0.1;0.09;0.09;0.1;0.09;0.09;0.09;0.09;0.08;0.08;0.08;0.08;0.07;0.06
Drum;6.48;6.14;5.57;6.16;5.56;5.53;5.73;5.73;5.79;5.85;5.94;5.97;6.08;5.91;5.93
Dulcimer;24.21;24.08;22.9;24.22;24.36;25.23;27.38;25.51;26.3;24.19;24.4;26.23;26.18
Fishing Rod;0.99;0.94;0.95;0.97;1.05;1.16;1.26;1.23;1.21;1.15;0.96;1.01;1.09;1.1;1.15
Fishing tackle;0.99;0.99;1.08;1.1;1.1;1.1;1.07;0.99;1.01;0.99;1.01;0.95;0.99;1.07;1.07
Flail;10.18;10.02;10.72;10.14;9.5;9.49;9.42;8.81;8.25;8.63;8.89;8.64;8.17;7.73;7.81;8.65
Flask or Tankard;0.01;0.01;0.01;0.02;0.02;0.01;0.01;0.01;0.01;0.01;0.01;0.01;0.01;0.01;0.01
Flute;1.89;1.91;2.0;1.14;2.02;1.76;1.78;2.06;2.08;2.02;2.02;0.71;2.01;1.96
Glaive;20.13;20.72;19.96;20.41;21.37;20.85;20.79;19.16;19.53;19.42;18.35;18.31;20.25;22.14;22.75
Glassblower’s tools;30.29;29.9;29.83;30.64;32.12;30.71;31.25;32.36;30.0;30.57;28.4;27.95;25.28;26.87;27.82
Grappling hook;2.08;1.91;1.95;2.04;1.97;2.0;1.89;2.01;1.98;1.92;1.99;1.85;1.79;1.72;1.64
Greataxe;32.14;32.43;34.98;33.17;32.83;35.31;35.31;31.53;30.14;27.08;27.82;28.45;28.7;29.51
Greatclub;0.18;0.2;0.21;0.21;0.23;0.22;0.24;0.22;0.21;0.19;0.21;0.19;0.18
Greatsword;49.92;49.89;50.79;50.12;50.63;55.26;55.85;57.49;51.1;50.59;53.26;54.21;51.4;57.46;59.53;61.51
Halberd;20.26;19.34;18.08;21.4;23.05;18.83;18.43;21.27;21.75;22.42;23.77;22.91
Half plate;751.38;745.7;744.0;733.79;696.59;691.03;678.04;786.95;768.46;814.4;829.33;860.91;862.14;868.88
Hammer;0.99;1.01;0.94;0.96;1.02;1.06;1.13;1.2;1.23;1.21;1.19;1.18;1.24;1.03;0.99
Hammer and Nails;0.49;0.47;0.51;0.51;0.47;0.47;0.54;0.59;0.59;0.53;0.49;0.44;0.48
Handaxe;4.87;4.66;4.42;4.03;4.13;4.14;4.37;4.27;4.43;4.97;4.76;4.61;4.38;4.71
Healing Potion;45.44;43.98;48.24;48.32;45.24;46.94;48.17;47.73;47.74;46.99;46.21;42.29;47.14;47.74;44.95
Hide;9.52;10.07;10.85;9.5;9.24;8.63;8.68;8.58;8.4;8.39;8.87;9.59;9.61;9.52;9.29
Holy Water (flask);25.81;25.66;26.85;25.62;24.93;27.05;26.32;26.79;26.5;24.92;24.48;24.8;25.64;23.86
Hourglass;25.38;25.02;24.45;23.6;21.85;20.02;26.0;25.0;23.83;24.15;22.75;21.3;22.53;20.55
Hunting trap;4.92;5.03;5.46;5.4;5.49;5.4;5.2;5.54;5.72;5.56;5.42;5.67;5.51;5.57;5.54;5.48
Ink (1 ounce bottle);9.89;9.85;9.05;8.03;7.57;6.95;6.66;6.71;9.43;8.69;10.37;10.34;9.75
Ink and Quill;0.09;0.09;0.09;0.08;0.07;0.06;0.09;0.08;0.07;0.06;0.06;0.05;0.04;0.03;0.02
Ink pen;0.02;0.01;0.01;0.02;0.01;0.01;0.01;0.01;0.01;0.01;0.01;0.01;0.01;0.01
Javelin;0.5;0.52;0.54;0.51;0.52;0.5;0.5;0.5;0.52;0.52;0.52;0.54;0.5;0.48
Jeweler’s tools;24.57;23.26;23.86;23.47;25.23;25.54;25.3;25.12;23.71;24.6;22.15;23.18;25.64;24.36
Jug or Pitcher;0.01;0.01;0.01;0.01;0.01;0.01;0.01;0.01;0.01;0.01;0.01;0.01;0.01;0.01;0.01;0.01
Kit, climber’s;25.51;25.64;24.8;27.99;26.33;28.06;27.64;28.8;30.23;29.26;25.68;23.79;23.59;25.15;26.54
Kit, disguise;25.5;26.4;26.5;26.84;24.55;24.21;24.53;23.5;23.44;23.9;23.22;23.11;24.17;23.98;23.2;22.37
Kit, forgery;14.43;13.35;12.88;13.06;13.35;13.11;14.12;14.76;15.63;16.16;17.02;15.66
Kit, healer’s;5.39;5.4;5.71;5.89;4.69;4.9;4.54;4.41;4.61;4.29;3.82;3.67;3.43;3.29;3.22
Kit, herbalism;4.64;4.78;4.71;4.62;5.2;5.01;5.0;5.06;5.38;5.3;5.07;5.36;5.13;5.15
Kit, mess;0.2;0.18;0.18;0.18;0.19;0.19;0.19;0.2;0.19;0.19;0.18;0.18;0.17;0.18;0.17
Kit, poisoner’s;50.31;50.98;50.69;52.21;49.79;50.4;54.67;56.19;45.06;45.9;44.45;40.03;39.86;46.1
Ladder (10-foot);0.1;0.1;0.1;0.1;0.09;0.09;0.09;0.08;0.07;0.07;0.06;0.05;0.04;0.04;0.03
Lamp;0.51;0.5;0.5;0.49;0.5;0.44;0.44;0.4;0.49;0.52;0.51;0.54;0.51
Lance;11.01;11.96;11.97;12.95;10.32;10.85;10.41;9.45;8.81;8.1;8.22;8.72;8.67;9.2;9.08
Lantern Oil;0.1;0.09;0.08;0.08;0.08;0.08;0.08;0.07;0.06;0.05;0.04;0.03;0.09;0.09
Lantern, bullseye;10.21;9.8;9.79;10.53;10.23;9.17;9.49;9.94;8.7;9.39;9.96;9.92;10.19;10.08;10.37
Lantern, hooded;4.93;4.42;4.43;4.26;5.17;4.93;4.64;5.35;5.58;5.68;5.56;5.7;5.96;5.49
Leather;10.5;10.62;10.14;10.54;11.02;10.43;10.62;9.54;9.56;10.19;10.65;10.37;10.82
Leatherworker’s tools;5.13;5.15;5.58;5.84;5.3;4.9;5.14;5.23;5.3;5.03;5.19;4.76;4.51;4.16;3.86
Light Hammer;1.94;1.88;1.74;1.77;1.79;1.81;1.62;1.62;1.74;1.69;1.67;1.85;1.83;1.74;1.69;1.7
Lock;9.72;10.18;9.7;9.75;9.76;9.99;10.76;10.74;10.9;11.21;9.93;9.33;9.37;8.68;7.75;7.73
Lockpicks;25.23;26.82;25.98;25.73;26.0;26.43;25.92;27.42;26.15;25.79;22.87;23.58;22.07;21.15;21.11
Longbow;49.2;45.15;42.77;46.04;48.7;50.28;53.59;55.41;46.87;45.75;47.38;48.31;46.03;47.68
Longsword;14.95;15.72;15.25;16.28;15.55;15.52;15.16;15.58;15.8;16.35;17.83;19.55;19.13;14.83;13.62
Lute;34.61;33.11;35.39;36.38;35.63;36.82;38.14;33.49;35.15;36.73;39.65;35.11;33.92;37.06
Lyre;29.5;28.74;28.5;28.86;28.94;28.05;28.21;32.47;32.14;34.57;34.08;34.15
Mace;4.85;4.66;4.89;4.73;4.71;4.87;4.94;5.04;4.86;5.12;5.19;5.06;4.85;4.97;4.74
Magnifying glass;101.63;101.36;91.63;92.56;95.99;95.94;96.64;98.1;95.86;94.01;92.6;101.37;105.81;106.02;96.71;95.82
Manacles;1.9;1.83;1.88;1.68;1.51;1.52;1.59;1.56;1.47;1.44;1.36;1.36;1.96;2.03;1.91
Map of the Region;9.91;10.41;10.25;10.76;9.19;9.57;10.3;9.68;10.17;9.49;9.37;10.37;9.67
Mason’s tools;9.91;10.23;10.2;9.89;10.16;9.7;9.79;9.95;9.69;9.69;8.88;8.38;8.02;7.63;7.8
Maul;10.65;10.77;10.32;10.35;10.62;10.03;9.88;9.82;9.63;8.72;9.24;9.5;8.61;8.46
Mirror, steel;5.39;4.81;4.57;4.51;4.72;4.71;4.59;4.34;4.27;3.93;3.95;3.82;3.7;3.55;3.36
Navigator’s tools;22.63;23.08;24.63;23.63;22.01;21.59;22.85;23.89;25.79;24.35;26.0;24.09;24.43;24.42;24.42;25.65
Net;0.99;1.03;0.98;0.97;0.95;0.95;0.92;1.0;1.04;1.13;1.15;1.14;1.04;1.05
Oil (flask);0.09;0.09;0.09;0.08;0.07;0.06;0.06;0.06;0.05;0.05;0.04;0.04;0.03;0.02;0.01;0.01
Padded;5.21;5.51;5.29;5.12;5.01;5.25;5.08;5.6;5.76;5.24;5.12;5.75
Painter’s supplies;9.74;9.85;10.29;10.22;10.58;10.3;10.21;9.91;9.55;9.21;9.08;9.5;9.54
Pan flute;12.96;12.88;12.81;13.12;13.11;11.89;13.19;13.89;14.46;13.57;13.93;12.97;13.23;13.33;12.61;11.94
Paper (one sheet);0.19;0.19;0.19;0.17;0.19;0.16;0.15;0.14;0.14;0.14;0.13;0.13;0.13;0.11;0.1
Parchment (one sheet);0.1;0.09;0.09;0.1;0.1;0.09;0.09;0.09;0.08;0.07;0.07;0.06;0.06
Perfume (vial);5.0;4.81;4.83;5.11;4.99;4.85;5.13;5.38;5.19;4.95;4.4;4.45;4.47
Pick, miner’s;2.02;2.08;1.94;1.97;1.93;1.91;1.77;1.94;1.89;1.89;1.94;2.1;2.01;1.8
Pike;4.84;4.94;5.0;4.85;4.69;5.08;5.14;5.0;4.87;5.22;4.87;5.09;5.08;5.07;4.7
Piton;0.04;0.04;0.04;0.03;0.03;0.03;0.02;0.05;0.04;0.04;0.03;0.02;0.02;0.02;0.02
Plate;1510.41;1471.15;1525.26;1598.06;1597.47;1646.13;1630.05;1561.68;1623.04;1684.33;1647.22;1666.95;1578.42;1587.08;1621.41
Playing card set;0.49;0.53;0.52;0.5;0.45;0.43;0.44;0.4;0.39;0.35;0.38;0.41;0.42;0.45;0.49
Poison, basic (vial);107.19;103.71;110.68;114.19;110.76;110.69;120.65;124.35;94.16;101.07;101.51;106.26;112.44;111.16
Pole (10-foot);0.05;0.05;0.04;0.04;0.03;0.02;0.01;0.01;0.01;0.01;0.05;0.05;0.04;0.04;0.03
Pot, iron;2.09;2.12;2.18;2.18;2.28;2.27;2.2;2.32;1.89;1.82;1.86;1.79;1.79;1.72
Potion of Healing;49.68;45.9;45.16;40.87;42.01;80.81;44.12;109.12;44.55;89.67;41.7;92.79;42.25;42.93;43.48;43.63;42.99;41.97;42.01;43.35
Potter’s tools;9.93;10.51;10.11;9.78;9.2;9.74;9.97;10.28;10.12;10.26;10.86;9.9;10.49;10.28;10.69
Pouch;0.52;0.53;0.56;0.52;0.5;0.55;0.51;0.53;0.57;0.61;0.64;0.64;0.66;0.66;0.64
Quarterstaff;0.2;0.18;0.18;0.16;0.19;0.18;0.15;0.14;0.13;0.12;0.13;0.13;0.13;0.12;0.11
Quiver;1.05;1.14;1.08;1.07;0.94;0.92;1.05;0.94;0.79;0.73;0.64;0.65;0.64;0.58
Ram, portable;3.91;3.99;4.07;4.08;4.13;4.28;4.06;3.88;3.68;3.68;3.98;4.13;4.23;4.65;4.7;4.84
Rapier;25.81;27.99;23.79;23.69;23.0;23.48;23.97;22.98;22.63;21.67;21.86;20.83;22.18;21.37
Rations (1 day);0.46;0.48;0.48;0.47;0.49;0.48;0.48;0.49;0.44;0.45;0.49
Robes;0.96;0.9;1.08;1.1;1.17;1.22;1.22;1.15;1.21;1.17;1.1;1.03;1.07;1.1;1.09
Rope, 50 feet;1.06;1.07;1.01;0.94;1.06;0.99;0.95;0.95;0.95;1.0;1.03;1.0;0.95;0.95;0.93
Rope, hempen (50 feet);1.06;1.0;0.95;1.03;0.88;0.9;0.84;0.83;0.78;0.77;0.69;0.61;0.55;0.51;0.48;0.47
Rope, silk (50 feet);9.84;9.79;10.13;10.22;10.58;9.46;9.21;9.75;9.63;9.48;9.73;9.16;9.72;9.29;9.73;9.54
Sack;0.01;0.01;0.01;0.01;0.01;0.01;0.01;0.01;0.01;0.01;0.01;0.01
Saddlebags;3.87;3.94;3.68;3.93;3.79;3.73;3.7;3.72;3.81;4.08;3.72;3.64;3.79
Scale mail;48.08;46.94;49.91;44.26;44.68;43.68;40.65;40.59;43.05;45.04;50.05;50.49
Scale, merchant’s;5.25;5.14;5.26;5.47;5.94;6.0;5.82;6.3;6.2;6.35;6.05;5.77;5.83;5.97;5.83;5.86
Sealing wax;0.5;0.48;0.47;0.43;0.41;0.41;0.39;0.39;0.36;0.31;0.28;0.27;0.45;0.44;0.44
Shawm;1.97;1.99;2.08;1.75;1.99;2.03;1.9;1.87;2.0;1.89;1.98;1.8;1.89
Shield;9.78;10.28;10.82;9.88;10.46;9.86;10.76;10.73;10.6;10.7;10.68;10.69;9.92;10.02;10.23;10.24
Shortsword;9.72;9.3;8.86;9.22;8.98;8.97;8.58;8.43;8.71;8.49;9.29;8.83;9.05;8.66;8.77;9.19
Shovel;2.02;2.12;1.8;1.7;1.67;1.65;1.69;1.74;1.69;1.54;1.41;1.4;1.29;1.22;1.15
Sickle;0.95;0.95;1.0;0.97;0.88;0.87;0.86;1.04;1.01;1.1;1.12;1.01;1.08;1.09
Signal whistle;0.05;0.04;0.05;0.05;0.04;0.03;0.02;0.05;0.04;0.03;0.02;0.01;0.01;0.01
Signet ring;4.74;4.54;4.01;4.43;4.89;5.27;5.87;6.09;5.75;5.21;5.47;5.08;4.97;4.81;5.0
Sling;0.09;0.09;0.1;0.1;0.09;0.09;0.09;0.08;0.07;0.06;0.06;0.06;0.1;0.1
Sling bullets (20);0.03;0.03;0.03;0.02;0.04;0.04;0.04;0.03;0.03;0.02;0.02;0.01;0.03
Smith’s tools;19.49;20.14;20.34;20.29;21.84;20.0;19.67;18.38;18.63;22.07;22.22;23.81;25.31;27.5
Soap;0.02;0.02;0.01;0.01;0.01;0.01;0.01;0.01;0.01;0.01;0.01;0.01;0.01
Spear;1.12;1.1;1.01;1.07;1.06;1.04;0.99;0.97;0.96;0.95;0.88;0.91;0.94;1.0;0.96
Spellbook;52.56;56.87;53.38;55.63;55.24;60.56;60.31;55.2;51.59;47.84;48.13;46.67;47.41;47.45;47.15;42.8
Spikes, iron (10);1.07;1.01;0.97;0.96;0.95;0.93;0.98;0.91;0.91;0.92;1.0;0.95;0.86
Splint;204.1;208.82;194.38;189.26;194.61;188.5;189.6;180.86;186.9;201.24;194.34;184.37;185.86;188.39;195.58
Spyglass;969.07;923.34;879.95;857.22;859.69;899.83;857.76;869.43;814.83;1010.27;954.39;969.6;878.38;880.21;849.98
Studded leather;47.52;48.62;50.13;46.26;46.92;44.75;46.94;47.22;47.13;46.17;47.09;51.0;47.62;53.05;51.64
Tent, two-person;1.88;1.9;1.99;2.18;2.04;2.15;2.23;2.12;2.18;2.16;2.24;2.5;2.26;2.33;2.38;2.52
Tents;9.58;9.82;9.5;9.34;9.75;9.9;10.84;10.72;10.22;9.57;9.73;9.44;8.89;9.0
Thieves’ tools;23.8;26.24;24.26;27.68;29.03;27.93;27.41;28.85;27.01;25.89;26.01;26.34;26.56;26.99;27.8
Tinderbox;0.54;0.54;0.5;0.47;0.46;0.44;0.45;0.44;0.48;0.48;0.49;0.49;0.45
Tinker’s tools;47.81;48.57;46.48;46.71;47.07;47.37;49.09;49.18;50.96;54.89;55.39;55.44;56.99;55.61
Torch;0.01;0.01;0.01;0.01;0.01;0.01;0.01;0.01;0.01;0.01;0.01;0.01;0.01
Trail Rations;0.53;0.5;0.5;0.47;0.43;0.43;0.4;0.36;0.5;0.47;0.42;0.4;0.55;0.51
Traveler's Clothes;0.97;0.93;0.95;0.97;1.03;1.09;1.06;1.05;1.03;1.0;1.06;1.12;1.18;1.2;1.08
Traveler's Rations;1.04;1.05;1.07;1.08;1.13;1.14;1.16;1.11;1.02;1.03;0.99;1.01;1.03
Trident;5.03;5.14;5.26;5.32;5.02;4.65;4.74;4.74;4.79;4.63;4.49;4.72;5.08;5.24;5.37
Vial;1.03;1.0;0.91;1.04;1.09;1.07;1.07;1.08;1.07;1.04;1.02;1.05;0.98;0.95;0.88
Viol;30.6;30.29;32.58;33.15;32.42;32.61;31.73;32.9;32.38;33.15;29.41;28.29;26.54;23.9;21.47
War Pick;4.82;4.48;4.56;4.17;4.17;4.29;4.68;4.9;5.02;5.88;5.81;5.45;5.03
Warhammer;14.67;14.94;15.4;15.9;13.69;14.22;13.95;13.72;13.73;13.48;14.59;14.76;15.75
Waterskin;0.21;2.11;2.0;1.85;1.83;1.73;1.7;1.72;1.7;1.73;1.77;1.79;1.76;1.73;1.79;1.76
Waterskin;2.02;2.11;2.0;1.85;1.83;1.73;1.7;1.72;1.7;1.73;1.77;1.79;1.76;1.73;1.79;1.76
Weaver’s tools;0.97;1.06;1.02;1.04;1.08;1.06;0.99;0.99;0.87;0.86;0.92;0.92;0.92;1.0;0.99;0.97
Whetstone;0.01;0.01;0.01;0.01;0.09;0.09;0.07;0.06;0.05;0.05;0.05;0.04;0.04;0.03;0.02;0.02
Whetstone;0.09;0.01;0.01;0.01;0.09;0.09;0.07;0.06;0.05;0.05;0.05;0.04;0.04;0.03;0.02;0.02
Whip;2.07;2.0;1.89;1.86;2.0;2.0;1.98;2.14;2.31;2.23;2.02;2.19;2.31;2.24;2.13
Woodcarver’s tools;0.99;1.03;0.96;1.02;0.98;0.97;0.95;0.88;0.91;0.96;0.9;0.82;0.82;0.79;0.76;0.76
canvas;0.09;0.09;0.09;0.08;0.06;0.06;0.06;0.05;0.05;0.04;0.04;0.03;0.03;0.03;0.03;0.03
cinnamon;1.85;1.91;1.78;1.84;1.7;1.74;1.67;1.72;1.68;1.78;1.62;1.56;1.63;1.67;1.71
cloves;2.94;2.94;3.02;2.76;2.73;2.6;2.55;2.48;3.22;3.17;2.94;2.99;2.79;2.67
copper;0.45;0.42;0.45;0.44;0.5;0.49;0.52;0.49;0.47;0.44;0.42;0.4;0.37;0.37;0.36
cotton cloth;0.55;0.56;0.55;0.51;0.46;0.49;0.5;0.49;0.51;0.55;0.52;0.54;0.53;0.46
flour;0.02;0.02;0.02;0.02;0.02;0.01;0.01;0.01;0.01;0.01;0.01;0.01;0.01;0.01;0.01;0.01
ginger;0.92;0.91;0.89;0.88;0.83;0.87;0.84;0.93;0.88;0.86;0.84;0.87;0.88;0.87;0.81
gold;54.26;55.44;45.04;43.88;44.95;47.91;48.41;47.5;48.93;46.84;47.62;46.64;45.87
iron;0.09;0.09;0.09;0.08;0.07;0.07;0.08;0.08;0.07;0.07;0.07;0.06;0.05;0.04;0.03;0.02
linen;4.97;5.11;4.84;4.94;5.69;5.9;6.01;6.11;6.32;6.13;6.13;6.03;5.93;5.82;5.96
one baby chicken;0.01;0.01;0.01;0.01;0.01;0.01;0.01;0.01;0.01;0.01;0.01;0.01;0.01;0.01;0.01
one baby goat;0.95;0.86;1.0;0.93;0.97;1.06;0.96;0.91;0.88;0.89;0.89;0.93;0.94
one baby ox;15.89;14.59;15.62;14.07;14.07;13.54;12.74;12.32;11.48;11.19;10.8;10.02;10.04
one baby pig;2.96;2.87;2.74;2.72;2.75;2.8;2.75;2.72;2.96;2.79;2.95;3.09;3.32;3.28;2.84
one baby sheep;1.94;1.83;1.87;1.79;1.85;1.86;2.15;2.06;1.91;1.88;2.01;2.02;1.99;2.07
pepper;2.0;2.11;2.23;2.21;2.1;2.26;2.24;2.12;1.9;2.01;1.99;1.96;1.95;2.03;2.04
platinum;526.85;547.89;567.77;539.65;550.67;550.27;545.18;545.44;544.59;528.0;570.08;572.68;580.95
saffron;14.61;14.18;13.32;13.4;13.19;14.1;14.59;13.64;12.71;12.26;12.87;13.69;12.83;13.04;13.14
salt;0.05;0.04;0.04;0.04;0.04;0.04;0.03;0.02;0.01;0.01;0.01;0.01;0.01;0.01;0.01
silk;10.34;10.01;11.25;11.43;10.43;10.82;11.16;11.53;10.98;9.74;9.25;9.61;9.63;10.15
silver;4.94;4.8;4.67;4.68;4.79;4.99;5.28;5.56;5.11;5.34;5.23;5.43;4.78;4.57
wheat;0.01;0.01;0.01;0.01;0.01;0.01;0.01;0.01;0.01;0.01;0.01;0.01;0.01;0.01;0.01
Amulet of Health (+4);13674.4;11947.56;12531.28;14310.83
Ashes of Al'ar;16309.97;12511.43;11166.92
Bastard Sword;50155.18;53402.25;56508.41;47921.66
Boots of Striding and Springing;9337.9;13374.43;14402.96;13130.69
Bottle of Brandywine;6.08;6.16;7.55
Bottle of Common Wine;1.17;1.36;1.94;2.68;3.15;3.5;2.67
Chalice of Life;189.66;186.07;275.12
Cloak of Invisibility;53886.36;42146.5;41797.97;47268.82;41989.37;36389.62;38254.39;41470.68
Cursed Coin Purse;47.67;47.69;70.23;84.38;49.83;71.91;58.96;47.81
Enigmatic Puzzle Box;163.39;273.78;257.55;260.55;310.24;343.56
Goggles of Night;8845.4;10836.36;10190.08;13738.75;16794.98;17659.1;15218.34
Harmonic Harp;198.84
Holy Arrow;6.85;11.0;10.75;9.91;8.12
Kama (+3 weapon);21484.98;20107.27
Musical Instrument (Oboe);59.78;66.7;70.04;71.17;57.56;81.27;89.4;84.98;87.37;102.81
Musical Instrument (Tambourine);1.05;0.82;0.79;0.54;1.21;1.07
Musical Instrument (Triangle);1.15;0.83;0.9;0.71
Potion of Cure Light Wounds;41.45;29.19;36.9;65.27;63.29;48.27;36.65;45.53
Potion of Darkvision;243.84;240.42
Potion of Flying;789.73;883.55
Ring of Climbing;2591.99;2251.61;1835.66;1483.6;1726.68;2962.8;2225.62;2001.38
Ring of Resilience;8726.82;8949.87;10138.55;10418.5;10113.24;9255.69;7424.18
Satin Robe;219.86;185.63;279.01;272.49
Scroll of Fireball;1094.79;1262.94;1559.25
Set of bagpipes;35.21
Spined Shield;5279.83;5496.88
Staff of Healing (25 of 50 charges);15094.08
Staff of Power;24522.45;38500.77;27131.04;71061.94
Wand of Magic Missiles;4907.31;4200.24;5399.2
Wand of Neutralize Poison;4945.39;2960.66;4082.56;3725.24
Wheel of Cheese;17.05;14.51;11.03;12.61;11.13;7.97;7.15;7.34
Whispering Wind Chime;92.11;82.32;98.15;83.05;80.68;67.47;93.66
yellow Quartz;44.57;43.0;33.19;51.97
Battleaxe;10.63;10.57;11.37;11.75;12.17;11.48;10.84;11.1;12.06;12.49;12.94;13.02;14.0;13.53;14.62
Book;25.25;26.66;25.27;25.05;25.5;25.58;24.83;24.82;24.9;26.42;25.12;24.76;24.89;24.82
Breastplate;401.78;378.13;369.37;365.19;338.96;344.55;408.35;387.43;399.64;378.55;366.92;372.05;374.73;383.64
Calligrapher's Supplies;10.45;10.4;10.51;9.49;9.52;9.22;8.54;9.78;9.92;9.85;10.18;9.51;9.55
Chain shirt;51.07;51.32;50.21;47.98;46.42;46.31;47.81;48.58;49.75;45.33;42.99;41.33;42.5;42.3
Hammer, sledge;1.89;1.76;1.68;1.65;1.73;1.67;1.66;1.62;1.41;1.37;1.39;1.52;1.42;1.38;1.39
Lantern;5.66;5.5;5.34;5.84;5.81;5.86;6.02;6.34;6.79;6.58;6.97;5.33;5.13;5.2
Morningstar;15.68;15.77;16.33;15.35;14.6;14.96;14.56;13.99;14.64;14.72;15.12;13.64;13.79
Ring mail;30.3;29.29;24.33;29.31;32.86;31.56;32.99;32.27;31.27;34.43;33.68
Scimitar;23.95;21.75;20.15;19.63;16.71;22.29;24.23;25.06;23.68;22.44;22.95;24.87;24.55;25.56
Shortbow;23.31;24.53;23.98;23.94;24.43;25.16;24.9;25.1;23.97;23.57;22.45;21.26;20.24
one baby cow;9.14;8.78;8.62;9.54;9.79;8.75;8.73;10.16;11.37;11.0;12.05;12.22;12.9
Amulet of the Planes;121964.16;134066.04;102390.95;71885.7;75969.24;170558.37;113466.02;115563.25;96547.81
Buckler;8508.73;9809.61
Crystal Orb of Fortune Telling;41.3;37.35;46.88;56.0;53.21;64.5;50.14;44.73;40.57
Feathered Quill of Endless Ink;21.56
Gloves of Dexterity;4522.43;2886.08;3236.98;3780.59
Hematite;15.54;14.54;15.2;18.48;11.47;11.78
Key of Passage;361.93
Musical Instrument (Baglamas);14.05;14.73;31.4
Musical Instrument (Drum);2.92;3.15;3.58;3.46
Musical Instrument (Piccolo);40.37;32.98
Potion of Giant Strength;320.11;419.75;521.33;306.95;267.05;279.86;262.46
Ring of Kalecgos;15832.87;16925.88;17407.76;12856.21;12696.04;14925.58
Ring of Protection;6657.15;5597.65;5301.87
Rod of Flame Extinguishing;19758.89;17078.99;11941.3;12505.82;12831.59;12912.11;12637.03
Staff of Abjuration (16 of 50 charges);24833.67;20481.35;21024.92;20439.45;20816.72;19497.06
True Wand;30114.71;42434.3;32402.62;42599.1;42048.25
Veil of Concealment;150.49;120.54;153.62
White Onyx;53.88;51.62;47.81;49.91;49.74
Yellow Topaz;646.27;551.53;343.34
Case, crossbow bolt;0.95;0.99;1.08;1.11;1.03;1.04;1.01;0.99;0.89;0.95;0.95;1.01
Case, map or scroll;0.98;0.98;0.97;0.98;1.02;0.99;0.97;0.91;0.9;0.87;0.86;0.81;0.77;0.77
Horn;2.98;3.07;3.03;2.91;3.0;2.88;2.87;2.95;3.14;2.95;2.98;2.84;2.88
Armor Potion (Standard);63.39;55.63;64.19;76.75;101.41;113.84;63.52
Celestial Compass;143.74;140.83;158.7;131.14;171.13
Crystal Eye Pendant;156.63;104.03;104.14;68.36;136.88;131.85
Everburning Torch;45.69;30.61;33.83;41.7;31.13;32.8;38.86;37.46;45.94;34.24
Flask of Liquid Courage;66.34;64.21;51.66;50.45;48.3;63.49;50.9;58.55;51.78
Ghost Fungus (1 shroom);0.94;0.94;1.02;1.16;1.11
Manual of Gainful Exercise (+1);25378.45;21233.11
Mirror of Memory;112.16;108.53;101.63
Musical Instrument (Accordion);29.43;21.39;22.52;45.73
Musical Instrument (Clarinet);34.96;26.17;21.06;44.85;43.4;58.75
Musical Instrument (Cymbals);1.85
Orb of Timekeeping;97.76;80.25;68.31;78.35
Rune-etched Gauntlets;100.24;139.25
Small Cask of Tobacco;1.6;1.36;2.07;1.7
Blade of Olympus;1327.9;1703.49;1718.94;1639.23;1131.33;1087.21
Elixer of Truth;755.31
Flask of Eternity;164.84;243.9;271.83
Horn of Blasting;23633.18;16557.77;20960.05;13526.41
Jade set of Animal figurines;254.21;277.28;145.05
Light Catapult;483.89;515.79;511.79;590.19
Potion of Mage armor;50.22;45.25;31.31;25.7;54.94
Potion of shield of faith;971.62;916.53;729.09;975.08;1032.77;1096.81
Quicksilver Vial;65.74;81.49;93.24;58.97
Rod of Absorption;34353.21
Amulet of the Mage;8848.63;7102.73;7475.16;10493.18;14695.01
Arcane Scroll (sleep);15.14;29.91
Chalice of Dreamweaving;218.15;199.45;183.07;175.29
Dagger of Venom;6770.84
Headband of Intellect (+6);33899.99
Mask of Illusion;86.16
Mask of the Veil;77.62;96.01
Melodious Music Box;220.78;172.94
Musical Instrument (Bassoon);110.68;110.91
Musical Instrument (Koto);159.25;203.4;128.72;123.85;117.35
Musical Instrument (Violin);28.21;27.61
Potion of Remove Fear;46.31;47.17
Ring of the Ram (26 of 50 charges);5600.88;5550.38;5372.41;3726.52;4094.99
Ring ofsell Turning;97152.43;120537.02
Large Iron Box;2.53;2.46
Mirror of Reflection;166.47;176.44;205.09;117.53;87.38
Musical Instrument (Bagpipes);31.15;17.74;21.01;17.89
Musical Instrument (Pan Flute);11.94;15.21;17.01;11.21;12.21;14.94;15.98
Musical Instrument (Trumpet);31.34;27.69;29.48;21.0;23.01;18.03
Siangham (Small);48055.91
Whispersilk Cloak;184.09;215.86;106.41
Black Pearl;311.47;294.95;297.45
Bottle of Fine Wine;3.72
Lens of Truth;52.17;61.88;72.04
Musical Instrument (Didgeridoo);21.47;24.41;28.37
Musical Instrument (Flugelhorn);57.45
Musical Instrument (Saxophone);74.15
Potion of Blur;210.87;259.95;234.91
Potion of Cat Agility;223.91;276.22;240.24;226.37;280.65
Potion of Endure elements;42.52
Potion of Invisibility;365.26;456.55;390.01;517.13;358.33
Wand of Acid Arrow (12 of 50 charges);1400.43;788.15;987.17;1052.72
Whispering Amulet;114.65;106.98;123.78
Whispering Blade;168.59;124.74
45 Gallons of ale;8.97;8.57;6.63;7.97
Arcane Scroll (Invisibility);99.23;101.31;123.45;156.84
Mirage Cloak;173.66;219.28
Musical Instrument (Trombone);77.64;74.7;66.81;65.65;64.73
Rod of Cancellation;12507.74;8492.3;22146.71;28193.04;20594.08
Rod of the Viper;20920.98
Arcane Scroll;113.59;32.88;21.18;18.97
Azurite;11.95
Dust of Disappearance;2755.07;3098.94;2871.44
Featherfall Amulet;82.64;81.29;82.07;62.29
Musical Instrument (Balalaika);32.6;33.74
Musical Instrument (Harmonica);3.43;2.63;2.94;3.41
Musical Instrument (Tabla);70.77
Musical Instrument (Xylophone);11.04
Potion of Greater Healing;517.29;466.87;477.67
Sack of Apples;4.68
Skooma;45.21
Staff of Size Alteration;14086.15;18297.45
Amulet of Vitality;10499.63;15510.24
Musical Instrument (Harp);66.91;77.59;88.68;63.63;61.56;47.06;51.77
Cape of the Mountebank;27288.71;26961.66;18691.19;17032.74;18808.63;19553.0
Dancing Flame Lantern;36.9
Amulet of Serenity;123.66;142.3
Elixer of swimming;200.38;258.48;190.67
Musical Instrument (Banjo);46.0;36.04;45.58;29.8
Rod of extend metamagic (lesser);3107.92
Rod of the Python;15144.5
Saronite Bar;195.48;143.37;131.53;120.34
Trinket of Elemental Control;83.85
Mask of Deception;87.77
Musical Instrument (Flute);1.59;1.72
Musical Instrument (Ukulele);10.56
Ring of Keys;2246.39
Echoing Conch Shell;91.51;89.82
Moonstone;32.37;23.63
Musical Instrument (Lute);26.29
Musical Instrument (Sitar);109.57
Potion of Jump;69.82
Shard of the Stars;214.99
